-36 -41.919 22.974 
-22 -24.469 40.621 
-46 -41.806 26.199 
-54 -67.902 32.023 
25 21.789 29.838 
-37 -29.311 25.657 
-52 -58.801 59.816 
-82 -58.58 12.61 
-23 -13.067 31.701 
3 9.291 43.561 
70 28.221 -7.598 
-148 -51.108 70.305 
3 -51.797 20.145 
0 -36.767 41.86 
-12 -7.31 29.119 
-6 28.043 80.244 
191 136.359 25.871 
94 116.525 70.257 
-7 -12.1 33.388 
-5 -2.9 48.397 
63 52.944 58.735 
73 72.324 39.583 
33 41.044 39.77 
20 18.575 48.435 
21 13.458 61.253 
-42 -15.091 43.295 
-24 -17.217 117.3 
-193 -128.785 -135.835 
-286 -260.892 20.832 
-27 -119.823 -34.045 
-131 -68.324 -35.052 
-122 -126.178 -9.579 
-135 -205.193 -71.01 
-57 -36.937 237.56 
201 188.748 63.76 
59 94.514 37.187 
53 27.398 54.615 
22 -158.877 91.066 
-245 -305.74 32.885 
-97 -92.493 -86.98 
-40 -57.977 -4.875 
-138 -131.327 -42.23 
-110 -171.493 -37.441 
-22 -22.787 178.746 
220 225.19 56.11 
260 210.679 155.077 
-300 -19.376 -98.641 
-622 -7.774 -12.859 
-393 -147.103 -146.683 
74 80.142 418.031 
280 350.842 95.544 
-45 -82.631 26.246 
24 -189.266 -165.604 
-105 -35.148 92.455 
11 -23.999 -10.925 
-100 -98.014 -50.317 
-307 -241.256 146.713 
46 -94.954 49.464 
-123 -141.918 -70.294 
-64 -47.862 9.303 
-27 -62.034 39.621 
-82 -55.721 37.357 
-105 -87.305 -3.39 
-94 -87.767 6.22 
-67 -129.154 126.968 
6 -1.992 37.601 
4 5.537 20.263 
-53 -49.644 65.633 
-93 -81.259 40.798 
-77 -96.586 64.596 
-100 -86.84 24.23 
-41 -68.216 71.913 
11 6.947 31.835 
92 58.881 120.512 
84 114.467 90.614 
188 -112.414 -21.248 
-141 53.645 96.516 
-103 -23.32 101.452 
-84 -144.755 -89.23 
-16 25.383 151.168 
62 41.96 163.757 
-151 -548.704 -71.489 
-185 -132.05 -48.601 
-160 -38.24 20.176 
-34 -0.403 72.674 
5 7.35 94.374 
704 426.176 -166.27 
63 84.85 -18.04 
-846 -460.586 -3.992 
-58 -403.765 95.712 
-94 29.794 -73.791 
-194 -227.598 107.839 
-142 -228.535 -72.506 
-119 -109.658 -107.162 
-174 -111.662 -4.073 
117 18.096 203.337 
79 239.844 352.868 
290 405.839 334.611 
258 144.021 90.206 
-291 -58.713 135.567 
-258 24.97 70.021 
-136 59.853 -91.257 
138 123.717 524.606 
148 203.12 377.592 
-75 -24.194 -357.547 
-513 -290.943 172.647 
117 67.943 520.505 
332 350.509 304.863 
48 137.864 -256.148 
-995 -193.395 185.428 
8 -73.489 178.044 
278 255.049 537.222 
29 252.676 256.68 
508 -1071.76 33.628 
-354 -2.844 98.977 
114 153.061 517.665 
322 561.982 216.042 
-760 -759.974 -103.282 
107 -779.274 218.454 
2 23.996 405.305 
1089 405.756 249.523 
41 68.913 77.218 
110 -494.579 66.086 
99 51.344 457.201 
312 287.777 466.059 
-915 -1226.53 44.498 
-203 -216.661 129.469 
-253 -44.578 292.802 
529 690.22 633.175 
-1091 -215.17 297.425 
-207 -727.13 612.749 
7 62.174 379.862 
312 314.134 495.547 
50 64.968 233.662 
-780 -503.168 347.508 
-33 -198.599 195.534 
-47 -11.829 387.867 
-41 -16.292 408.577 
-273 -176.17 573.229 
-434 -424.603 668.301 
-66 -155.415 453.166 
-264 -220.519 450.028 
-226 -238.247 436.988 
-257 -261.337 428.26 
-338 -323.284 345.692 
-79 -266.195 411.959 
273 102.996 626.312 
11 148.306 699.371 
-465 -1144.54 454.433 
-35 -435.879 578.647 
-474 -356.569 415.63 
-336 -324.168 512.448 
-51 29.007 875.913 
-103 -94.455 659.365 
-1061 -1137.18 435.518 
-440 -654.701 591.521 
-171 -250.096 825.262 
-231 -155.341 702.026 
-416 -492.662 256.915 
-58 -182.33 821.426 
-516 -388.834 738.01 
-185 -343.043 434.93 
-448 -345.768 587.89 
-344 -394.653 598.558 
-315 -334.796 597.197 
-318 -304.6 653.928 
-233 -290.296 679.207 
-305 -288.743 644.109 
-321 -281.772 660.997 
-402 -641.534 588.393 
-160 -291.577 615.62 
-496 -285.473 622.641 
-375 -423.726 659.148 
-286 -306.093 492.643 
-339 -192.453 660.372 
-104 -160.395 660.724 
-310 -518.48 896.96 
-160 -271.828 1274.63 
-418 -360.589 1358.66 
-819 -770.282 1396.76 
-669 -562.635 1191.63 
-411 -373.269 1153.3 
-479 -317.186 853.962 
-483 -790.691 3278.68 
-158 156.966 946.267 
-1039 -353.705 924.436 
-692 -256.133 1687.51 
-103 -119.495 833.227 
-1026 -622.94 2180.22 
-155 -150.027 1199.85 
-250 -266.835 1467.02 
-257 -344.77 1489.39 
-401 -360.303 1602.57 
-101 -213.936 1393.92 
-315 -293.569 1932.25 
-412 -325.093 1479.69 
-255 -270.789 1529.12 
-167 -218.474 1820.27 
-248 -728.567 1547.78 
-556 -510.142 1524.29 
-343 -547.41 1663.25 
-140 -224.48 1669.35 
-67 -176.804 1834.46 
-158 -169.53 1313.86 
-385 -204.969 1692.49 
-179 -165.319 1556.2 
-381 -345.001 1353.44 
-347 -354.808 1569.22 
-245 -247.364 1604.02 
-193 -222.905 1498.24 
-302 -272.765 1608.62 
-543 -352.479 1426.23 
-270 -289.145 1458.11 
-651 -635.007 1791.47 
-380 -377.732 1525.36 
-342 -387.419 1737.63 
-398 -472.316 1563.85 
-445 -414.698 1492.6 
-434 -460.717 1628.7 
-237 -236.801 1663.15 
-383 -364.603 1594.28 
-434 -449.672 1539.61 
-480 -448.138 1556.72 
-356 -347.015 1643.97 
-307 -323.317 1615.99 
-390 -382.224 1604.8 
-407 -404.741 1580.86 
-265 -256.348 1647.62 
-365 -282.024 1561.33 
-409 -393.135 1595.22 
-358 -472.188 1635.58 
-463 -407.225 1581.19 
-373 -314.038 1675.09 
-313 -319.313 1525.94 
-322 -283.339 1610.46 
-324 -295.692 1553.01 
-183 -219.183 1617.43 
-61 -92.765 1639.51 
-497 -90.212 1596.97 
-130 136.499 1659.58 
198 192.021 1764.5 
138 154.046 1591.85 
-130 -93.575 1650.88 
-95 -36.861 1654.73 
796 281.52 1756.3 
697 452.092 1397.67 
614 485.622 1469.64 
297 215.958 1688.43 
194 226.351 1559.93 
396 361.184 1518.39 
353 344.669 1608.18 
369 365.631 1526.24 
456 425.13 1582.07 
477 473.163 1520.79 
-172 321.631 1603.19 
276 297.732 1565.22 
686 621.46 1583.05 
632 638.385 1531.32 
252 603.425 1537.27 
395 401.674 1585.24 
655 491.392 1557.86 
629 506.673 1622.24 
482 453.183 1544.46 
818 686.136 1579.09 
331 224.227 1708.32 
398 523.758 1654.45 
587 537.823 1586.09 
717 682.411 1516.63 
658 1377.66 1306.54 
764 815.709 1390.29 
892 849.057 1467.15 
815 828.052 1487.34 
925 874.339 1513.45 
504 536.434 1313.72 
766 733.608 1476.38 
794 799.904 1425.01 
647 594.782 1491.92 
662 624.611 1499.2 
718 674.642 1414.48 
546 567.695 1363.29 
611 612.472 1506.45 
668 642.104 1648.08 
597 634.376 1554.39 
586 572.296 1559.83 
632 629.372 1534.9 
764 729.268 1526.83 
763 749.186 1426.39 
731 736.659 1625.99 
575 786.232 1288.29 
612 652.255 1485.04 
767 737.636 1331.69 
785 587.316 1615.81 
878 810.816 1458.17 
555 867.505 1288.24 
983 1073.27 1413.82 
810 813.504 1359.52 
562 634.511 1420.57 
1022 953.973 1425.15 
941 920.212 1231.06 
773 795.417 1492.04 
727 795.584 1391.41 
908 878.889 1327.2 
961 964.115 1377.12 
935 960.983 1281.3 
882 847.261 1235.4 
874 560.716 1661.84 
1490 1624.31 1033.68 
1082 1084.88 1138.8 
960 905.856 1333.9 
716 1072.38 1730.78 
570 667.053 1980.68 
858 561.487 1251.52 
571 646.442 1501.49 
714 659.491 1344.93 
756 770.027 1167.94 
758 741.229 1091.6 
636 651.847 984.611 
338 344.654 1143.77 
258 326.535 1150.39 
28 138.401 934.612 
130 -142.15 509.014 
182 83.295 290.073 
324 231.112 638.071 
342 318.986 205.118 
391 440.826 356.007 
337 481.241 82.921 
232 246.01 71.125 
157 274.432 -42.476 
158 274.777 -154.874 
136 140.366 -374.552 
-152 -67.006 -537.659 
-101 -229.292 -672.063 
-290 -236.205 -761.306 
-113 -415.04 -1126.9 
-915 -358.807 -786.794 
-829 -487.761 -1318.59 
-2856 -713.782 -1794.8 
-4710 -822.843 -3652.63 
-1113 -96.656 -1197.93 
-128 -778.071 -2178.13 
-432 -272.899 -535.7 
-353 -374.729 -1658.04 
-274 -308.541 -1197.61 
-3701 -1623.6 -4002.22 
-1410 -1439.42 -4286.44 
323 -595.634 -1630.98 
-315 -26.874 -881.834 
-395 -210.754 -892.422 
-1123 -642.486 -1963.55 
-837 -540.286 -3148.33 
114 -593.068 -1534.01 
-358 -214.991 -1059.73 
-327 -222.646 -1012.85 
-651 -254.855 -4058.97 
-251 -125.634 -620.244 
-469 -324.55 -1200.51 
-250 -749.816 -3368.92 
-128 -438.772 -2230.91 
162 -357.483 -1574.86 
-256 -575.11 -2676.46 
-420 -430.232 -1965.28 
-101 -154.257 -1537.39 
-341 -718.453 -3135.66 
-130 -309.754 -1549.51 
-429 -177.022 -1698.36 
-497 -388.102 -2850.18 
-313 -184.666 -1322.52 
-948 -435.907 -2837.27 
-521 -368.309 -1764.43 
-475 -330.583 -1534.1 
-384 -478.985 -2150.01 
-312 -169.241 -2279.02 
-135 -55.519 -1768.16 
184 57.748 -2098.16 
279 227.395 -2149.91 
388 401.233 -2107.84 
486 487.311 -2001.21 
379 409.523 -2118.12 
328 360.967 -1975.61 
-88 95.627 -2003.24 
29 154.417 -1609.31 
317 234.219 -1833.81 
296 349.446 -1447.45 
285 299.362 -1086.35 
466 292.737 -1338.67 
524 516.489 -1341.24 
472 540.84 -1436.76 
367 407.599 -1488.27 
411 422.29 -1337.76 
427 366.861 -1258.01 
479 403.242 -1048.73 
13 126.789 -1576.19 
240 302.97 -1508.22 
281 300.337 -1664.81 
247 255.699 -1953.37 
341 223.049 -2187.6 
514 361.189 -2856.49 
494 395.208 -2984.45 
299 239.675 -1802.12 
206 289.874 -1463.59 
210 234.222 -1533.17 
-136 89.866 -2081.72 
280 -203.047 -3430.89 
233 192.679 -1048.56 
122 276.949 -1442.31 
79 113.135 -3381.82 
247 199.863 -1738.85 
508 211.414 -1583.38 
412 -10.575 -3147.6 
136 216.352 -1496.38 
335 136.669 -2102.74 
259 277.059 -1911.92 
196 285.781 -1681.84 
52 8.471 -2807.49 
25 164.855 -1557.67 
-8 191.409 -2470.15 
-34 19.004 -1711.17 
68 112.297 -2026.59 
-178 -80.25 -1918.02 
-14 -111.853 -1990.72 
-265 -136.551 -1987.37 
-87 -187.735 -1938.68 
-175 -225.634 -2083.38 
-269 -242.368 -1901.62 
-167 -203.88 -2008.82 
-153 -151.068 -2035.51 
-220 -215.954 -1977.48 
-313 -294.775 -2087.31 
-138 -132.79 -1939.25 
-258 -270.155 -2130.7 
-181 -182.355 -1905.49 
-204 -211.573 -2134.09 
-220 -213.896 -1932.25 
-171 -198.734 -2082.06 
-188 -156.327 -1992.58 
-172 -204.345 -2016.14 
-147 -140.8 -2021.63 
-81 -91.068 -2004.36 
-68 -77.541 -2054.74 
31 21.652 -1995.71 
61 51.335 -2076.67 
110 135.859 -1981.78 
185 162.317 -2062.63 
261 246.691 -1983 
311 288.399 -2023.4 
387 391.635 -1992.64 
450 438.222 -1973.12 
499 481.39 -1978.66 
534 533.612 -1939.22 
566 563.699 -1954.67 
510 523.268 -1951.37 
543 534.886 -1969.06 
489 540.041 -1936.56 
445 455.265 -1987.84 
515 470.461 -1955.6 
416 433.182 -2003.32 
377 365.25 -1987.82 
302 317.809 -2016.37 
210 221.418 -2014.6 
130 155.973 -2028.8 
107 93.759 -2031.76 
-14 8.294 -2029.85 
-101 -98.48 -2041.64 
-168 -163.19 -2022.17 
-279 -241.341 -2024.43 
-334 -325.05 -2001.55 
-389 -371.262 -1984.62 
-481 -471.516 -1982.65 
-516 -512.999 -1951.53 
-531 -496.978 -1962.29 
-524 -498.281 -1983.52 
-529 -497.596 -1960.11 
-495 -502.144 -1977.45 
-479 -476.711 -1959.35 
-452 -461.687 -1985.22 
-369 -366.513 -1984.85 
-348 -349.324 -2000.41 
-253 -273.88 -2022.24 
-206 -208.832 -2025.24 
-148 -158.204 -2033.4 
-213 -94.447 -2021.6 
-181 -206.226 -2033.39 
-119 -124.837 -2010.04 
-201 -172.949 -2042.1 
-150 -164.62 -2013.16 
-158 -148.217 -2026.45 
-164 -173.101 -2026.43 
-159 -156.479 -2018.68 
-166 -168.034 -2030.62 
-180 -182.035 -2012.25 
-170 -174.24 -2033.98 
-183 -183.705 -2015.1 
-183 -180.74 -2029.59 
-195 -199.006 -2016.26 
-186 -193.294 -2024.57 
-202 -194.392 -2019.46 
-212 -213.271 -2019.77 
-198 -203.246 -2023.25 
-219 -221.569 -2015.15 
-229 -228.849 -2023.63 
-233 -223.547 -2008.38 
-276 -270.282 -2022.29 
-255 -261.624 -2009.66 
-282 -271.321 -2014.94 
-314 -318.999 -2012.77 
-326 -316.559 -2009.53 
-406 -384.77 -1997.44 
-455 -454.339 -1991.29 
-491 -480.241 -1973.5 
-607 -583.457 -1950.81 
-641 -638.122 -1928.45 
-660 -651.385 -1913.58 
-748 -734.451 -1890.68 
-737 -734.175 -1873.83 
-740 -747.16 -1905.82 
-710 -727.335 -1892.92 
-726 -708.319 -1906.71 
-675 -684.569 -1885.84 
-614 -616.836 -1935.69 
-566 -590.371 -1928.44 
-452 -469.208 -2000.38 
-388 -391.702 -1994.48 
-349 -366.595 -2004.94 
-276 -288.291 -2009.02 
-165 -186.217 -2018.41 
-97 -100.05 -2040.88 
-41 -50.201 -2021.75 
-12 -146.597 -2050.11 
-52 -7.131 -2006.55 
54 41.965 -2069.55 
42 -190.423 -1984.29 
67 -129.417 -2026.41 
61 -42.11 -2037.65 
31 -18.567 -2012.43 
-44 17.504 -2052.04 
-2 -26.308 -2006.39 
-8 -16.102 -2043.27 
-6 6.767 -2023.84 
-27 -28.857 -2020.25 
-3 -17.31 -2042.51 
37 12.887 -2009.34 
-51 -11.449 -2047.79 
7 -12.72 -2019.56 
-25 -7.719 -2030.9 
-23 -37.99 -2031.38 
18 15.344 -2028 
-50 -29.065 -2035.82 
21 -1.944 -2023.66 
-12 -44.398 -2031.99 
26 16.977 -2030.2 
-38 9.122 -2028.56 
-27 -65.347 -2029.09 
15 0.89 -2031.3 
-47 4.377 -2047.56 
21 -20.375 -2016.21 
-14 32.317 -2153.98 
-129 -16.144 -2162.42 
-100 68.976 -2001.17 
-98 -30.665 -1993.56 
-155 -126.701 -1990.82 
-122 -115.249 -1998.71 
-70 -83.619 -2023.73 
-9 -32.638 -2082.82 
-6 -6.045 -2070.28 
-35 -24.72 -1972.81 
-46 -51.945 -1968.39 
-20 -11.881 -2030.71 
-27 -26.68 -2055.25 
-36 -44.32 -1996.89 
-12 -16.714 -2016.43 
-33 -36.739 -2039.73 
-33 -43.248 -2047.2 
-26 -31.635 -2020.47 
-25 -28.582 -2042.86 
-62 -21.575 -2146.58 
-91 -78.953 -2035.83 
-56 -72.732 -1951.06 
-62 -80.682 -1904.85 
1 -9.125 -1988.49 
-67 -34.36 -1999.73 
-77 -65.685 -2010.87 
-67 -56.257 -2018.34 
-63 -70.447 -1995.99 
-57 -54.942 -2035 
-78 -67.962 -2006.91 
-89 -83.528 -2009.59 
-87 -87.025 -2016.55 
-86 -75.952 -1999.61 
-120 -117.863 -2004.42 
-115 -117.761 -1985.59 
-108 -101.21 -1947.09 
-138 -112.958 -1915.29 
-146 -137.699 -1948.69 
-67 -90.168 -2077.88 
-76 -56.829 -2062.07 
-23 -4.671 -2058.82 
-7 -7.677 -2048.68 
-57 -34.428 -2019.77 
-100 -102.223 -2032.18 
-88 -85.739 -1974.87 
-60 -77.986 -1986.13 
-70 -68.183 -1989.55 
-34 -75.383 -2032.36 
2 -34.858 -2011.71 
-42 -42.538 -2012.97 
-74 -80.97 -2031.45 
-34 -23.293 -2004.44 
-80 -41.77 -2027.48 
-74 -66.641 -2025.96 
-67 -66.998 -2010.03 
-102 -104.902 -2046.42 
-109 -96.365 -2014.47 
-68 -82.724 -2011.52 
-21 -38.753 -2025.27 
-58 -59.321 -2024.02 
-62 -55.967 -2017.32 
-93 -76.859 -2029.17 
-80 -88.499 -2025.53 
-38 -49.919 -1999.35 
-81 -74.084 -2029.7 
-259 -227.544 -2057.04 
-78 -126.375 -2033.2 
55 -10.742 -1895.47 
41 73.757 -1965.08 
75 201.965 -2062.7 
-83 9.495 -2073.24 
-111 -89.352 -2030.16 
-57 -62.975 -2007.19 
-52 -36.302 -2027.7 
-11 -15.803 -2021.41 
-56 -47.176 -2027.47 
-67 -68.394 -2018.85 
-38 -41.604 -2017.23 
-22 -18.275 -2019.6 
-52 -46.595 -2029.65 
-56 -53.135 -2022.04 
-41 -45.02 -2019.79 
-42 -44.792 -2024.97 
-42 -41.786 -2025.91 
-63 -62.066 -2025.79 
-37 -40.384 -2021.02 
-25 -20.787 -2024.97 
-52 -42.978 -2027.95 
-59 -64.417 -2024.34 
-42 -43.032 -2023.66 
-35 -40.19 -2021.84 
-36 -35.324 -2025.45 
-53 -56.33 -2022.35 
-60 -57.416 -2024.59 
-39 -46.406 -2016.66 
-45 -48.228 -2016.44 
-45 -45.22 -2005.51 
-53 -54.541 -2026.54 
-59 -56.464 -2050.6 
-49 -52.419 -2015.85 
-76 -78.898 -2013.47 
-77 -78.189 -2038.09 
-72 -78.055 -2034.36 
-87 -82.222 -2020.61 
-75 -82.076 -2017.16 
-63 -51.943 -2026.98 
-101 -100.066 -2015.84 
-90 -88.755 -2029.06 
-90 -87.663 -2033.7 
-110 -102.257 -2046.1 
-92 -96.182 -2026.71 
-80 -92.138 -2016.88 
-76 -71.691 -2032.26 
-79 -81.437 -2022.84 
-99 -97.196 -2034.93 
-96 -94.822 -2020.93 
-94 -92.432 -2022.65 
-91 -94.642 -2036.46 
-93 -91.595 -2035.39 
-90 -89.376 -2027.07 
-110 -108.634 -2020.4 
-127 -92.898 -2026.51 
-100 -88.009 -2037.93 
-92 -87.088 -2043.36 
-94 -88.461 -2032.08 
-98 -102.953 -2028.09 
-100 -102.718 -2026.87 
-107 -103.202 -2023.85 
-110 -103.691 -2023.83 
-103 -102.171 -2026.85 
-94 -85.563 -2044.07 
-122 -123.123 -2039.81 
-120 -123.353 -2019.91 
-89 -84.787 -2035.11 
-116 -104.398 -2023.66 
-103 -104.619 -2008.18 
-113 -106.102 -2034.71 
-118 -125.77 -2041.92 
-123 -121.754 -2033.51 
-115 -119.192 -2022.29 
-115 -108.092 -2030.15 
-127 -132.176 -2020.69 
-144 -136.448 -2041.21 
-140 -140.232 -2048.1 
-135 -135.994 -2034.02 
-125 -117.26 -2028.49 
-139 -135.552 -2029.43 
-130 -135.121 -2017.24 
-141 -136.881 -2027.77 
-125 -124.707 -2046.09 
-132 -137.706 -2023.59 
-144 -141.974 -2037.09 
-130 -134.81 -2024.04 
-133 -126.084 -2030.75 
-136 -142.002 -2026.58 
-147 -141.996 -2027.94 
-135 -132.351 -2038.65 
-135 -129.889 -2030.26 
-139 -137.526 -2033.5 
-142 -144.624 -2026.85 
-138 -141.961 -2028.52 
-147 -151.793 -2017.57 
-135 -133 -2032.45 
-132 -135.74 -2034.23 
-145 -139.654 -2049.23 
-145 -144.706 -2023.63 
-140 -140.793 -2027.93 
-137 -136.026 -2033.31 
-144 -151.901 -2029.13 
-149 -145.527 -2034.93 
-136 -138.763 -2025.27 
-153 -146.498 -2035.76 
-150 -153.154 -2028.59 
-136 -133.496 -2030.33 
-136 -129.411 -2033.44 
-151 -151.333 -2030.32 
-145 -150.83 -2027.36 
-134 -140.215 -2034.19 
-157 -143.718 -2035.08 
-153 -156.354 -2030.31 
-142 -146.566 -2031.68 
-133 -134.614 -2028.52 
-156 -158.201 -2030.26 
-141 -139.966 -2028.93 
-141 -145.107 -2031.29 
-147 -141.897 -2036.18 
-150 -148.712 -2035.11 
-137 -140.226 -2033.66 
-141 -144.03 -2027.76 
-143 -144.376 -2030.61 
-156 -150.751 -2029.52 
-139 -147.11 -2027.49 
-146 -139.937 -2036.46 
-159 -157.524 -2026.28 
-137 -143.627 -2035.95 
-144 -136.582 -2026.46 
-157 -153.747 -2031.31 
-162 -160.258 -2019.6 
-151 -156.476 -2048.45 
-123 -124.032 -2030.67 
-154 -145.689 -2034.32 
-162 -165.601 -2026.67 
-146 -147.35 -2032.18 
-144 -146.052 -2026.6 
-144 -143.575 -2031.97 
-156 -152.507 -2027.11 
-147 -148.808 -2033.91 
-150 -155.307 -2027.16 
-146 -144.96 -2032.64 
-140 -140.953 -2030.29 
-132 -129.402 -2031.93 
-225 -269.659 -2014.67 
-211 -227.63 -2032.08 
-153 -155.017 -2017.15 
-176 -179.231 -2038.44 
-81 -93.193 -2030.73 
-128 -123.1 -2033.14 
-348 -272.92 -2033.8 
-205 -203.806 -2016.54 
-86 -94.151 -2034.46 
-146 -136.577 -2034.16 
-152 -142.729 -2023.88 
-187 -181.197 -2035.27 
-182 -194.946 -2023.29 
-118 -120.521 -2031.25 
-114 -122.231 -2030.96 
-146 -139.387 -2032.31 
-168 -169.352 -2031.57 
-157 -154.849 -2025.14 
-174 -172.452 -2031.64 
-163 -158.361 -2031.64 
-130 -132.774 -2026.36 
-150 -156.861 -2028.99 
-107 -106.088 -2025.93 
-142 -147.212 -2040.17 
-189 -328.723 -2010.38 
-113 -221.168 -2031.79 
-132 -122.772 -2038.83 
-153 -149.719 -2028.53 
-132 -122.65 -2025.35 
-169 -193.337 -2024.65 
-128 -159.463 -2029.61 
-161 -162.563 -2034.86 
-149 -154.938 -2018.65 
-140 -136.883 -2039.47 
-154 -153.96 -2018.88 
-138 -176.924 -2031.51 
-165 -163.242 -2032.84 
-162 -161.17 -2026.62 
-162 -169.548 -2034.19 
-143 -128.825 -2032.01 
-139 -150.99 -2038.74 
-180 -185.05 -2077.36 
-468 -283.999 -2138.7 
-102 -164.922 -2240.01 
-141 -96.816 -2125.06 
-83 -90.134 -2049.85 
-153 -110.779 -1911.68 
-155 -86.577 -1829.98 
-262 -140.366 -1836.43 
-191 -147.081 -1954.3 
-232 -185.96 -1905.82 
-112 -126.854 -1768.64 
-272 -227.373 -1572.64 
-272 -165.116 -1767.18 
-194 -267.668 -1891.59 
-161 -146.442 -1882.27 
-127 -154.633 -1786.19 
-336 -63.18 -1758.28 
-174 -23.96 -1760.1 
65 84.912 -1685.59 
-695 -191.09 -1853 
-394 -60.782 -1990.54 
-405 -134.854 -1842.19 
-398 -308.239 -1810.15 
-346 -363.216 -1838.08 
-329 -373.334 -1805.07 
-178 -180.799 -1729.9 
-297 -256.805 -1773.17 
-223 -286.782 -1809.33 
-268 -254.001 -1862.26 
-196 -160.968 -1866.37 
-194 -203.701 -1826.26 
-259 -246.183 -1828.88 
-254 -243.907 -1828.36 
-361 -346.475 -1852.84 
-335 -304.087 -1848.77 
-169 -95.062 -1873.44 
-41 -122.553 -1882.99 
-80 -93.218 -1827.67 
-122 -80.927 -1930.04 
-517 -488.656 -1932.51 
-499 -430.643 -1832.91 
-285 -304.678 -1745.65 
-377 -321.271 -1777.22 
-344 -353.068 -1764.72 
-227 -271.317 -1700.31 
-22 -52.643 -1546.08 
-3 66.613 -1377.38 
86 144.683 -1104.55 
175 141.454 -1133.04 
139 140.509 -1009.35 
45 28.209 -1007.09 
-55 -8.962 -1021.49 
-91 -53.585 -987.236 
-47 -109.185 -897.432 
-51 -92.708 -639.686 
-142 -148.887 -550.781 
-257 -281.65 -360.701 
-442 -453.586 -296.465 
-467 -436.558 -291.43 
-252 -305.269 -320.347 
-306 -242.956 -409.535 
-220 -209.112 -468.784 
-177 -206.568 -454.543 
-294 -206.445 -449.65 
-318 -301.864 -369.566 
-311 -315.905 -449.753 
-213 -282.892 -454.095 
-339 -304.937 -333.457 
-402 -392.77 -285.528 
-460 -477.102 -245.617 
-429 -478.095 -249.454 
-337 -321.817 -303.919 
-365 -366.218 -254.387 
-413 -404.957 -294.551 
-376 -383.976 -255.029 
-384 -370.261 -280.99 
-392 -387.453 -260.811 
-361 -407.099 -220.62 
-375 -346.427 -248.896 
-296 -366.744 -276.358 
-277 -316.072 -215.533 
-368 -387.337 -339.757 
-272 -279.231 -316.664 
-589 -559.036 -312.698 
-338 -378.801 -316.197 
-471 -472.396 -424.769 
-398 -411.431 -303.257 
-156 -311.367 -373.46 
-284 -276.129 -401.055 
-285 -250.879 -301.045 
-306 -358.489 -437.108 
-315 -334.513 -275.323 
-438 -304.743 -401.751 
-380 -306.392 -336.822 
-315 -338.373 -379.659 
-267 -255.698 -359.082 
-247 -261.129 -389.314 
-258 -262.066 -389.038 
-299 -293.024 -331.881 
-393 -379.028 -390.814 
-507 -424.756 -394.015 
-652 -555.551 -515.674 
-234 -239.867 -226.815 
-255 -306.78 -205.888 
-248 -312.299 -398.138 
-507 -580.607 -148.551 
-305 -501.699 -270.475 
-310 -241.818 -192.71 
-376 -415.862 -226.987 
-414 -411.977 -241.311 
-227 -183.579 -450.63 
-621 -545.295 -29.351 
-747 -402.486 -174.75 
-197 -295.259 -96.852 
-295 -383.757 -355.949 
-491 -459.944 -238.786 
-414 -404.424 -221.965 
-376 -500.863 -387.883 
-335 -346.957 -242.585 
-458 -346.312 -133.686 
-428 -391.271 -215.903 
-416 -333.044 -281.203 
-396 -390.106 -300.3 
-150 -243.337 -352.079 
-123 -39.206 -471.03 
-22 1.565 -459.738 
-136 48.136 -360.725 
-75 -107.632 -217.093 
63 17.384 -125.822 
63 77.772 265.454 
-170 -130.252 243.493 
11 -168.041 -303.678 
94 37.102 -420.769 
169 174.898 -408.025 
-163 109.355 -218.771 
-51 -7.496 -38.861 
-71 -56.708 -123.2 
140 99.369 -251.725 
-9 -23.438 -218.013 
-77 -78.4 -301.946 
0 23.246 -143.338 
-158 -112.323 -295.585 
-61 -88.117 -168.157 
-60 13.208 -137.027 
56 45.592 -168.711 
211 212.104 -201.307 
11 25.965 -149.697 
-8 55.027 -203.229 
-2 -0.358 -295.934 
248 -90.751 -134.148 
-280 -91.503 -263.923 
-247 -422.753 195.838 
-14 10.77 -116.813 
106 143.797 -329.956 
72 57.394 -209.455 
-30 -103.999 -312.798 
33 15.729 -84.257 
-109 -28.853 -170.838 
-302 -176.39 -80.314 
-92 -105.675 -200.049 
54 41.554 -248.208 
-66 -20.484 -334.573 
140 155.96 69.149 
161 -180.575 -56.56 
-174 -45.766 -188.192 
-12 193.359 -297.946 
7 -28.859 -109.885 
-134 -106.848 -316.88 
-39 -52.755 -165.121 
50 54.427 -233.099 
145 60.307 -260.309 
-64 18.541 -95.889 
-54 -98.147 -287.783 
28 -2.885 -247.263 
-47 29.595 -128.965 
15 -12.151 -321.729 
-2 27.807 -232.73 
-14 26.952 -243.725 
-20 -51.942 -201.851 
23 5.867 -257.438 
-16 -11.562 -233.82 
99 59.796 -260.999 
96 89.641 -29.081 
40 -112.294 -190.272 
153 128.823 -199.131 
-39 -48.929 -159.204 
187 134.153 -168.843 
-10 73.242 -225.072 
36 12.609 -183.542 
51 57.007 -135.183 
35 1.341 -175.795 
71 55.771 -167.009 
57 104.278 -181.462 
10 16.508 -159.059 
13 -1.372 -141.207 
-9 -62.41 -180.528 
95 92.38 -121.598 
242 208.023 -164.981 
-440 -331.669 -122.998 
45 -385.61 -109.611 
136 52.556 -107.122 
105 160.078 -113.37 
-297 -110.572 -183.36 
671 360.775 -129.522 
-219 -49.075 -298.316 
10 -35.374 -32.818 
121 56.103 -155.998 
174 143.125 -268.768 
10 83.9 -221.028 
-14 -125.849 -8.259 
17 21.112 -187.736 
-79 -35.303 -185.098 
-57 -49.004 -183.332 
-6 -1.59 -100.553 
73 86.252 -162.415 
23 64.053 -236.71 
-272 -483.96 -90.529 
169 -13.936 -147.708 
218 240.082 -151.795 
-249 -46.591 -97.746 
-36 -176.387 -163.762 
-61 -25.914 -174.983 
-14 -3 -109.719 
26 -16.824 -205.431 
-91 -70.33 -45.225 
35 17.027 -158.39 
27 60.548 -99.583 
-146 -141.901 -180.783 
15 54.125 -86.069 
11 -4.11 -147.474 
-27 -42.632 -111.105 
-46 -70.023 -129.51 
15 4.242 -140.767 
-63 -15.006 -135.602 
-109 -130.356 -112.696 
-59 -69.615 -119.13 
-26 51.182 -144.408 
68 28.834 -155.807 
76 89.29 -121.227 
218 197.417 -181.513 
8 14.877 -133.838 
-130 -208.335 -41.551 
-88 -75.317 -154.079 
246 137.223 -65.614 
-108 22.633 -146.533 
-127 -146.93 -103.575 
4 -11.481 -49.272 
-153 -29.587 -116.923 
11 -68.197 -43.727 
-75 -3.57 -140.906 
-65 -96.843 -46.454 
1 23.716 -113.868 
-4 -11.274 -126.567 
-84 -0.026 -123.492 
-37 -50.839 -90.553 
-61 -113.859 -180.832 
-38 -46.534 -139.784 
-67 -45.427 -106.532 
-32 -48.332 -124.543 
64 147.984 -169.47 
-29 -9.016 -219.812 
163 82.571 -65.206 
134 127.204 -108.721 
18 88.407 -237.563 
-221 66.304 39.327 
-76 -118.304 -132.849 
-68 -39.978 -73.945 
-127 -117.905 -129.642 
13 -21.12 -65.567 
-31 -9.742 -159.21 
-101 -80.989 -92.23 
-121 -107.883 -119.932 
-25 -78.876 -78.111 
-143 -103.33 -117.719 
-137 -205.659 -89.962 
80 87.009 -142.272 
33 89.931 -152.42 
-109 -94.429 -85.2 
-102 -66.686 -99.702 
-20 -32.814 -130.151 
98 126.897 -143 
91 69.395 -89.823 
218 110.159 -118.208 
-254 -115.558 -32.578 
-137 -137.805 -132.278 
100 85.747 -79.247 
56 67.484 -104.302 
-76 -6.972 -102.926 
-38 10.081 -100.865 
-52 -41.983 -69.313 
-49 -67.469 -73.325 
-30 -10.706 -114.612 
30 -38.022 -67.294 
75 -71.324 -36.32 
-168 -140.669 -189.951 
68 34.215 -23.617 
-199 -160.201 -97.682 
-76 -131.504 -238.993 
196 178.546 -177.059 
0 13.397 -145.855 
-111 -115.46 -94.761 
-69 -54.699 -132.734 
-24 -4.035 -105.201 
-52 -23.754 -90.97 
-12 -29.164 -198.536 
13 -13.88 -77.036 
29 -2.545 -108.056 
-30 -7.046 -82.292 
-9 22.128 -169.316 
-86 -74.621 -100.235 
16 11.982 -119.235 
-4 45.378 -142.311 
-43 -51.34 -140.789 
-280 -3.299 -94.511 
-148 -62.863 -89.609 
-116 -126.448 -134.635 
-94 -121.364 -124.337 
-159 -188.341 -84.783 
124 372.374 -191.157 
-89 217.162 -170.02 
-191 -12.864 -55.624 
6 -79.831 -26.111 
-181 -181.561 -154.733 
-169 -159.538 -4.733 
-90 -108.757 -50.747 
447 60.276 -207.522 
253 150.551 -167.795 
-23 20.093 -80.284 
-2 -33.459 44.802 
-70 -60.425 -16.547 
-18 -48.413 -38.822 
-71 -30.874 -54.484 
38 39.716 -74.27 
-33 -52.244 -57.308 
-67 -40.727 -48.674 
-151 -127.721 -56.381 
-82 -77.142 -103.209 
129 139.062 -135.86 
-23 69.064 101.907 
-43 -93.527 -54.691 
-61 -79.42 4.72 
-107 -107.05 -41.006 
-73 -88.238 -25.186 
6 -7.155 -1.736 
-74 -50.002 -41.198 
10 -0.689 -47.179 
59 20.851 -59.979 
-125 -77.569 -13.747 
8 -119.064 -32.304 
-113 -126.479 -110.098 
-199 -94.181 -50.163 
-110 -53.558 25.674 
79 40.395 -46.796 
3 -4.263 -28.589 
-56 -81.791 -33.589 
-84 -77.575 -54.828 
-88 -57.716 -44.592 
-88 -86.189 -37.214 
-53 -73.741 -20.192 
-30 -33.904 -23.77 
-30 1.295 -48.46 
-69 -58.979 -28.333 
-25 -46.386 -58.368 
-72 -58.084 -52.765 
-69 -60.749 34.224 
-74 -77.76 -24.822 
-8 -29.281 -54.156 
-46 -28.697 -41.174 
-71 -63.821 3.753 
-44 -57.789 -31.284 
-42 -41.321 -51.081 
-69 -72.455 -25.02 
-57 -58.296 -8.465 
-31 -33.672 -44.187 
-50 -49.739 -38.869 
-59 -55.214 -2.066 
-54 -56.16 -37.076 
-48 -43.323 -30.481 
-64 -66.281 -17.583 
-45 -48.496 -29.562 
-45 -38.601 -35.609 
-54 -50.552 -18.885 
-50 -54.362 -31.76 
-48 -50.781 -33.241 
-60 -56.377 -24.673 
-46 -51.45 -28.17 
-45 -47.47 -30.858 
-56 -52.41 -26.174 
-54 -52.933 -28.87 
-54 -53.693 -26.418 
-55 -50.371 -28.246 
-47 -48.839 -26.852 
-54 -53.945 -28.077 
-55 -53.894 -25.701 
-53 -52.659 -28.966 
-51 -50.25 -26.023 
-48 -50.797 -30.253 
-53 -52.642 -25.351 
-59 -53.976 -27.667 
-50 -49.903 -28.785 
-52 -51.025 -28.929 
-50 -52.065 -26.959 
-55 -54.098 -27.516 
-53 -49.711 -27.87 
-50 -51.265 -28.608 
-55 -50.147 -29.263 
-57 -52.387 -27.637 
-49 -53.672 -27.933 
-50 -50.678 -27.788 
-52 -52.184 -28.24 
-50 -52.405 -28.31 
-51 -50.996 -27.902 
-47 -51.845 -28.605 
-53 -51.44 -29.054 
-54 -52.19 -28.884 
-52 -54.116 -28.03 
-51 -51.81 -27.452 
-47 -50.504 -27.758 
-54 -51.034 -26.786 
-52 -52.756 -28.109 
-46 -53.034 -27.48 
-51 -50.397 -29.86 
-54 -52.835 -27.648 
-51 -51.494 -28.198 
-50 -50.762 -26.891 
-44 -50.914 -29.35 
-49 -49.152 -29.562 
-52 -48.475 -29.069 
-52 -54.236 -27.436 
-53 -52.971 -29.56 
-49 -53.037 -27.657 
-49 -52.381 -26.01 
-51 -52.237 -26.362 
-55 -50.463 -27.946 
-54 -53.414 -28.32 
-50 -50.93 -26.547 
-55 -52.062 -27.262 
-55 -52.616 -26.618 
-55 -52.916 -30.728 
-51 -52.827 -28.291 
-53 -51.998 -28.037 
-57 -52.945 -26.669 
-53 -52.289 -27.476 
-54 -51.462 -28.935 
-53 -53.151 -29.509 
-49 -52.515 -26.766 
-50 -52.807 -27.956 
-54 -51.467 -28.714 
-57 -52.169 -29.175 
-56 -52.607 -26.746 
-47 -51.814 -27.636 
-47 -51.341 -26.985 
-50 -51.584 -27.398 
-50 -50.704 -29.644 
-50 -52.205 -29.496 
-53 -52.884 -27.166 
-50 -52.62 -29.208 
-52 -51.267 -27.375 
-53 -52.556 -28.534 
-53 -52.243 -28.88 
-51 -52.621 -27.549 
-48 -51.778 -27.439 
-52 -53.862 -29.501 
-49 -53.477 -27.886 
-53 -52.107 -27.117 
-51 -50.861 -29.559 
-52 -51.184 -28.071 
-52 -52.78 -28.614 
-53 -53.495 -27.784 
-52 -50.566 -28.573 
-54 -49.737 -29.476 
-51 -53.109 -28.832 
-50 -51.445 -28.029 
-55 -51.73 -26.551 
-53 -52.099 -27.212 
-50 -51.056 -27.212 
-50 -51.118 -28.233 
-53 -51.232 -28.541 
-51 -50.209 -27.304 
-55 -52.646 -28.331 
-53 -52.619 -28.074 
-50 -51.947 -27.292 
-48 -50.878 -27.453 
-50 -52.476 -28.153 
-52 -50.501 -28.96 
-52 -52.05 -26.312 
-54 -49.993 -27.468 
-52 -50.429 -28.137 
-53 -51.814 -26.82 
-51 -53.396 -29.03 
-51 -50.304 -26.84 
-51 -53.281 -26.833 
-52 -51.516 -28.01 
-47 -50.352 -28.035 
-51 -52.141 -27.375 
-55 -52.945 -27.546 
-50 -53.033 -26.494 
-50 -53.25 -27.503 
-49 -52.19 -29.485 
-48 -51.444 -27.96 
-54 -52.726 -28.826 
-49 -51.812 -27.661 
-51 -51.802 -27.419 
-49 -53.605 -28.239 
-52 -52.486 -26.797 
-55 -53.767 -28.539 
-50 -50.795 -26.745 
-55 -54.658 -27.214 
-50 -51.179 -28.172 
-52 -52.556 -25.54 
-52 -50.012 -28.054 
-52 -51.551 -27.385 
-50 -51.021 -23.385 
-53 -51.505 -29.434 
-51 -50.611 -29.131 
-50 -51.086 -26.603 
-51 -52.641 -27.289 
-50 -52.015 -27.053 
-53 -50.322 -26.906 
-53 -50.895 -29.822 
-55 -51.474 -28.844 
-54 -53.071 -28.717 
-52 -51.591 -27.332 
-50 -52.046 -27.85 
-52 -51.877 -26.9 
-49 -51.269 -28.688 
-51 -51.976 -26.742 
-50 -52.241 -28.561 
-48 -51.372 -27.904 
-48 -49.915 -27.97 
-54 -51.788 -26.705 
-53 -52.636 -29.58 
-54 -50.559 -28.54 
-52 -50.29 -28.647 
-48 -51.949 -28.068 
-50 -51.021 -28.47 
-53 -54.491 -29.275 
-51 -52.032 -28.096 
-53 -53.939 -26.923 
-52 -51.946 -27.777 
-53 -51.705 -25.991 
-55 -50.717 -26.187 
-56 -53.079 -28.178 
-50 -50.506 -27.256 
-53 -53.525 -29.385 
-53 -51.782 -26.421 
-51 -50.257 -28.659 
-55 -50.091 -27.874 
-50 -50.935 -26.722 
-56 -51.234 -27.694 
-52 -52.833 -29.937 
-51 -50.411 -28.638 
-54 -50.898 -26.177 
-51 -51.049 -27.32 
-52 -51.889 -26.241 
-51 -52.098 -28.314 
-50 -51.003 -25.718 
-55 -53.087 -27.506 
-50 -51.909 -27.014 
-49 -53.113 -27.03 
-54 -52.843 -28.89 
-52 -50.806 -28.061 
-50 -51.247 -27.343 
-51 -53.299 -28.793 
-53 -51.675 -27.81 
-53 -50.387 -27.448 
-51 -51.711 -27.202 
-53 -52.302 -28.41 
-51 -52.993 -29.406 
-52 -51.607 -27.619 
-52 -51.132 -29.167 
-50 -51.474 -27.034 
-53 -53.007 -26.608 
-54 -52.286 -26.602 
-51 -51.418 -27.055 
-52 -49.419 -27.615 
-52 -50.408 -29.378 
-49 -50.839 -29.24 
-54 -54.624 -27.269 
-51 -49.587 -29.529 
-52 -52.337 -27.976 
-52 -52.632 -28.568 
-55 -51.715 -27.07 
-52 -52.255 -29.602 
-50 -52.336 -27.275 
-49 -52.692 -27.401 
-53 -54.671 -26.886 
-51 -52.208 -28.277 
-51 -51.308 -25.86 
-52 -52.082 -27.761 
-53 -53.496 -28.277 
-49 -52.832 -26.623 
-54 -51.554 -26.88 
-58 -53.463 -25.897 
-49 -50.801 -28.758 
-49 -53.829 -28.312 
-53 -52.747 -29.13 
-54 -52.977 -29.569 
-50 -53.163 -29.057 
-52 -52.191 -27.836 
-49 -51.12 -26.861 
-53 -51.186 -27.967 
-49 -52.161 -27.885 
-55 -51.881 -26.753 
-52 -53.234 -28.14 
-50 -51.99 -28.385 
-49 -52.701 -28.691 
-54 -52.049 -26.669 
-51 -52.131 -27.88 
-52 -52.756 -28.824 
-58 -52.041 -27.927 
-55 -51.926 -28.69 
-54 -51.947 -27.687 
-50 -51.109 -27.201 
-50 -51.558 -27.067 
-55 -51.69 -28.069 
-52 -50.525 -27.416 
-48 -54.513 -28.764 
-52 -51.719 -28.178 
-54 -51.382 -26.639 
-51 -53.041 -29.784 
-53 -51.579 -27.92 
-52 -50.92 -28.101 
-52 -51.432 -28.194 
-53 -51.575 -27.836 
-51 -50.158 -26.639 
-51 -50.088 -27.479 
-52 -51.465 -27.15 
-54 -53.527 -27.86 
-53 -51.801 -27.375 
-51 -51.966 -27.702 
-54 -51.2 -26.705 
-50 -50.408 -28.707 
-58 -51.216 -28.179 
-52 -48.666 -29.855 
-49 -51.49 -28.196 
-51 -50.598 -27.665 
-54 -50.424 -27.014 
-51 -51.87 -29.557 
-50 -50.979 -26.265 
-51 -52.663 -28.474 
-52 -52.152 -28.289 
-49 -51.775 -27.222 
-55 -51.013 -27.333 
-52 -52.844 -28.049 
-53 -51.648 -27.003 
-54 -52.507 -27.383 
-54 -52.154 -27.096 
-50 -51.663 -27.059 
-49 -53.795 -27.3 
-50 -49.98 -28.265 
-53 -51.522 -28.559 
-52 -51.286 -28.513 
-53 -51.263 -28.771 
-51 -53.022 -30.283 
-51 -53.428 -29.187 
-58 -53.805 -27.563 
-55 -53.061 -28.16 
-54 -51.371 -27.558 
-53 -51.334 -29.503 
-53 -51.489 -29.182 
-50 -53.358 -28.23 
-53 -52.141 -27.913 
-53 -53.568 -28.744 
-50 -53.753 -27.392 
-51 -53.621 -28.038 
-48 -49.863 -28.162 
-51 -51.938 -29.123 
-55 -54.194 -27.227 
-51 -52.512 -28.741 
-52 -52.662 -28.366 
-52 -51.397 -28.237 
-52 -51.416 -26.97 
-56 -53.335 -27.789 
-52 -53.145 -27.962 
-53 -54.046 -29.289 
-51 -51.754 -28.054 
-51 -51.619 -27.971 
-57 -53.312 -28.846 
-54 -53.415 -28.258 
-50 -54.147 -27.456 
-55 -53.049 -28.563 
-51 -51.331 -29.645 
-50 -52.483 -27.003 
-46 -50.948 -27.852 
-46 -51.885 -27.437 
-58 -53.061 -29.219 
-52 -51.18 -28.74 
-52 -51.98 -26.132 
-49 -50.812 -27.252 
-50 -52.255 -26.726 
-53 -51.085 -27.303 
-50 -50.366 -26.34 
-51 -53.458 -26.804 
-53 -49.991 -27.888 
-53 -50.145 -26.511 
-54 -52.333 -26.212 
-53 -53.301 -27.654 
-50 -52.066 -27.375 
-56 -52.673 -27.357 
-52 -52.1 -27.852 
-50 -51.105 -28.114 
-55 -52.921 -28.714 
-53 -51.965 -26.945 
-51 -50.598 -28.21 
-50 -51.143 -27.673 
-54 -52.063 -27.966 
-47 -50.373 -27.445 
-53 -50.456 -28.437 
-54 -52.345 -26.35 
-49 -52.095 -26.166 
-52 -48.99 -28.043 
-49 -52.463 -26.929 
-55 -52.974 -28.375 
-55 -50.953 -27.073 
-54 -53.798 -28.445 
-58 -50.826 -28.676 
-53 -52.068 -25.834 
-53 -49.574 -29.438 
-53 -51.147 -27.974 
-53 -53.078 -26.989 
-51 -51.888 -29.078 
-48 -52.294 -30.522 
-57 -53.295 -28.07 
-51 -51.606 -26.089 
-49 -50.867 -28.166 
-51 -53.079 -27.995 
-49 -52.573 -27.604 
-52 -51.199 -28.325 
-50 -51.516 -27.645 
-51 -50.943 -28.092 
-53 -50.876 -27.512 
-49 -51.344 -27.958 
-54 -52.363 -26.659 
-51 -53.248 -28.239 
-51 -50.881 -26.734 
-51 -54.423 -27.808 
-56 -52.474 -28.412 
-52 -52.954 -27.744 
-52 -52.334 -27.566 
-50 -53.121 -29.383 
-51 -53.047 -28.19 
-56 -53.224 -27.232 
-56 -53.091 -26.793 
-52 -52.533 -26.377 
-50 -52.656 -29.403 
-49 -51.549 -29.462 
-48 -51.164 -27.696 
-50 -49.931 -27.175 
-50 -52.353 -27.991 
-56 -51.477 -27.696 
-47 -50.584 -27.498 
-55 -51.482 -28.624 
-54 -52.387 -26.939 
-51 -50.627 -28.111 
-48 -49.818 -26.413 
-53 -52.038 -28.2 
-50 -51.844 -27.166 
-52 -49.839 -27.166 
-57 -51.229 -28.053 
-50 -52.963 -27.414 
-49 -49.989 -26.718 
-55 -53.661 -28.783 
-51 -51.99 -29.029 
-53 -51.317 -28.243 
-51 -50.645 -28.991 
-53 -51.309 -27.118 
-51 -51.673 -27.698 
-54 -52.253 -28.176 
-52 -51.502 -27.073 
-53 -52.676 -29.434 
-50 -51.504 -27.982 
-53 -49.48 -28.521 
-52 -52.737 -28.63 
-49 -50.752 -27.583 
-53 -51.963 -27.547 
-53 -53.185 -29.231 
-50 -52.59 -26.261 
-53 -54.431 -27.158 
-55 -53.747 -28.671 
-56 -53.073 -29.094 
-53 -50.977 -27.96 
-53 -51.504 -26.771 
-50 -52.201 -28.511 
-50 -50.72 -29.143 
-49 -52.64 -27.18 
-47 -51.116 -29.403 
-54 -52.352 -27.881 
-52 -52.506 -28.284 
-48 -53.735 -28.513 
-54 -51.888 -29.434 
-52 -53.649 -26.875 
-54 -53.936 -26.425 
-48 -54.43 -27.556 
-53 -51.968 -28.243 
-54 -52.441 -27.026 
-54 -51.52 -27.148 
-53 -50.637 -27.979 
-52 -52.196 -29.443 
-54 -52.417 -30.319 
-52 -51.871 -28.749 
-54 -50.141 -26.849 
-53 -50.97 -28.409 
-52 -52.403 -27.934 
-51 -50.901 -24.725 
-52 -52.827 -27.108 
-57 -53.026 -26.439 
-50 -53.735 -27.707 
-53 -52.207 -26.704 
-48 -52.451 -27.225 
-54 -53.405 -26.969 
-54 -51.466 -26.179 
-51 -51.524 -27.728 
-51 -52.199 -29.161 
-50 -52.169 -28.349 
-51 -50.188 -28.609 
-51 -53.66 -27.225 
-52 -50.908 -28.198 
-53 -50.313 -27.625 
-52 -52.725 -28.211 
-52 -53.755 -28.24 
-48 -51.094 -26.28 
-58 -50.495 -26.668 
-53 -52.949 -28.064 
-51 -53.514 -28.069 
-48 -53.936 -29.118 
-51 -53.43 -28.864 
-47 -49.958 -28.043 
-53 -51.542 -29.898 
-52 -51.7 -27.774 
-55 -50.325 -28.379 
-52 -53.115 -27.983 
-50 -50.448 -28.475 
-56 -51.775 -28.807 
-53 -51.951 -26.558 
-49 -51.102 -27.522 
-52 -51.49 -26.31 
-55 -52.045 -27.891 
-53 -53.273 -29.051 
-53 -53.008 -28.642 
-52 -50.346 -28.107 
-52 -52.422 -28.437 
-50 -48.719 -26.879 
-53 -52.332 -25.234 
-51 -51.228 -28.144 
-49 -50.477 -27.658 
-50 -50.421 -28.248 
-48 -50.919 -27.911 
-55 -49.644 -26.505 
-50 -52.976 -27.807 
-57 -51.51 -27.296 
-50 -50.759 -29.419 
-49 -52.609 -27.193 
-50 -53.519 -28.924 
-52 -51.498 -28.948 
-52 -52.934 -28.685 
-53 -52.771 -28.607 
-52 -51.114 -29.352 
-55 -50.904 -27.485 
-50 -52.323 -28.735 
-54 -51.602 -27.802 
-50 -51.909 -26.722 
-52 -53.844 -27.691 
-51 -51.139 -27.907 
-48 -51.882 -28.916 
-51 -50.936 -27.893 
-51 -53.273 -27.533 
-53 -52.219 -27.299 
-47 -51.237 -28.695 
-53 -52.469 -28.249 
-49 -51.31 -28.531 
-51 -50.377 -26.535 
-48 -51.075 -29.313 
-52 -50.35 -28.1 
-49 -51.361 -26.093 
-54 -52.653 -28.871 
-51 -51.652 -28.962 
-55 -50.87 -28.279 
-53 -51.58 -28.099 
-46 -51.017 -27.343 
-52 -51.53 -28.36 
-52 -53.387 -27.314 
-53 -54.42 -29.166 
-47 -51.131 -27.465 
-47 -48.667 -28.085 
-51 -52.133 -26.791 
-52 -54.423 -27.647 
-54 -52.575 -28.305 
-54 -52.446 -28.198 
-54 -52.433 -26.12 
-56 -51.537 -26.792 
-48 -51.757 -28.897 
-51 -51.358 -26.702 
-51 -52.55 -26.57 
-54 -53.234 -28.194 
-52 -52.135 -27.582 
-53 -51.725 -28.001 
-50 -51.839 -28.4 
-54 -51.745 -27.602 
-51 -52.381 -28.33 
-54 -53.074 -25.962 
-54 -50.69 -25.407 
-52 -51.693 -27.065 
-49 -50.291 -28.803 
-57 -51.474 -27.861 
-52 -51.954 -26.68 
-49 -50.594 -27.695 
-54 -52.029 -28.626 
-52 -53.651 -27.904 
-53 -51.71 -28.063 
-51 -51.212 -28.744 
-48 -50.588 -27.355 
-53 -50.602 -27.934 
-53 -52.863 -28.598 
-50 -49.909 -26.931 
-50 -52.76 -30.28 
-51 -51.502 -30.45 
-47 -52.954 -27.15 
-49 -52.526 -25.412 
-54 -53.275 -26.844 
-50 -51.767 -27.626 
-50 -51.654 -29.353 
-52 -51.901 -27.651 
-53 -52.177 -26.542 
-53 -50.403 -28.352 
-52 -51.527 -28.642 
-56 -51.689 -28.008 
-52 -51.7 -27.103 
-55 -53.401 -28.788 
-51 -52.545 -26.844 
-54 -53.128 -26.887 
-55 -51.385 -27.157 
-52 -49.618 -27.053 
-51 -51.735 -25.785 
-51 -52.665 -29.883 
-55 -52.181 -28.549 
-50 -52.049 -28.107 
-53 -51.283 -26.816 
-49 -51.793 -28.714 
-52 -53.468 -28.605 
-55 -50.3 -27.67 
-55 -52.949 -26.231 
-52 -52.728 -26.892 
-53 -52.936 -29.654 
-51 -52.235 -28.24 
-56 -50.885 -28.933 
-52 -52.347 -27.993 
-52 -50.247 -26.817 
-95 -54.042 -13.012 
-14 -139.063 92.799 
383 326.148 -250.672 
-352 -293.493 -83.917 
-235 -227.038 170.881 
-374 -148.999 27.329 
-422 -228.955 176.131 
2 -95.944 -59.928 
599 1334.05 -182.824 
683 1001.54 -320.945 
127 570.125 -55.732 
341 289.47 -15.747 
244 313.12 123.629 
251 140.54 145.398 
146 -25.867 226.542 
173 142.671 195.859 
228 194.731 132.815 
16 22.815 168.682 
170 173.871 165.964 
91 109.289 93.866 
24 -40.847 237.408 
-52 -64.032 241.254 
217 252.089 263.708 
-177 188.601 -178.524 
131 224.074 219.407 
-3 82.589 -67.67 
151 169.414 266.617 
-621 -114.503 94.691 
-10 62.528 187.657 
-200 20.396 138.721 
67 66.845 143.63 
33 69.34 105.478 
50 42.076 212.795 
27 62.518 85.816 
-121 -52.37 137.147 
-334 -191.306 170.053 
43 -87.409 185.81 
47 -27.428 116.089 
-87 -30.45 172.236 
-56 -35.249 188.729 
27 -11.921 228.593 
50 37.213 195.462 
78 69.147 168.48 
93 105.356 190.217 
-9 12.323 253.697 
9 -24.462 286.615 
7 -0.678 221.708 
5 -0.821 263.345 
61 60.92 215.171 
10 21.879 237.037 
102 62.167 239.332 
16 37.193 253.352 
49 -53.061 270.305 
-301 -94.349 230.02 
-292 -64.2 294.076 
23 -140.011 253.24 
57 -46.637 250.312 
61 51.769 242.141 
18 38.606 235.766 
56 18.056 231.412 
-1 -36.85 243.207 
45 20.082 219.64 
-96 142.87 202.211 
-172 52.151 273.87 
-176 -139.556 402.637 
-202 -400.795 110.069 
96 19.23 92.798 
-96 -33.372 221.642 
-43 131.799 156.939 
-159 -117.219 214.644 
25 -22.769 142.712 
-39 -40.485 221.201 
-4 -12.493 168.596 
-65 -54.364 184.074 
-56 -70.073 188.996 
-60 -51.305 171.81 
-61 -69.51 217.471 
-99 -51.678 108.449 
-26 -55.486 227.975 
-101 -96.639 74.379 
-42 -18.561 204.369 
-56 -70.658 196.434 
-107 -93.276 82.653 
-116 -99.189 185.013 
-60 -123.734 135.17 
-17 -1.811 179.028 
-88 -73.571 325.818 
156 506.05 160.357 
-63 -9.252 363.133 
-44 -77.537 305.045 
-108 -86.963 292.695 
-51 -88.869 351.85 
-61 -35.646 412.238 
-150 -148.687 482.596 
-191 -188.7 486.498 
-170 -202.273 518.381 
-237 -221.979 538.891 
-252 -250.053 565.17 
-279 -272.142 541.924 
-405 -316.799 585.671 
-285 -292.949 598.113 
-302 -298.897 609.37 
-311 -305.302 626.886 
-323 -321.898 637.947 
-351 -347.272 633.749 
-365 -370.726 682.929 
-416 -407.606 715.453 
-460 -456.955 763.385 
-525 -513.17 828.547 
-577 -555.5 910.297 
-660 -598.281 1001.15 
-829 -656.939 1118.54 
-752 -746.912 1186.84 
-1234 -904.619 1256.99 
-1439 -1235.42 1502.34 
-631 -690.849 709.654 
-725 -566.063 1424.86 
-585 -1387.78 1097.63 
-866 -783.408 1031.51 
-877 -1278.48 1309.72 
-1046 -732.097 1280.32 
-766 -793.206 1107.04 
-862 -923.625 1323.98 
-729 -692.517 1205.2 
-755 -1176.74 1334.81 
-882 -776.101 1158.93 
-859 -902.519 1316.83 
-741 -869.493 1296.46 
-799 -970.407 1336.63 
-797 -873.253 1302.77 
-836 -860.419 1310.31 
-899 -827.451 1311.83 
-836 -889.081 1273.68 
-897 -897.382 1334.99 
-815 -836.962 1249.86 
-922 -894.546 1328.61 
-878 -852.417 1276.02 
-849 -901.212 1337.02 
-854 -850.799 1270.46 
-886 -870.257 1318.84 
-880 -883.432 1292.43 
-850 -867.084 1296.11 
-883 -866.86 1311.14 
-868 -861.687 1283.84 
-889 -894.084 1320.17 
-854 -864.055 1275.86 
-876 -878.134 1322.26 
-871 -863.592 1284.51 
-867 -882.27 1312.14 
-876 -865.451 1294.31 
-868 -871.627 1292.36 
-881 -874.26 1307.39 
-861 -865.271 1291.66 
-882 -880.317 1314.19 
-871 -863.404 1285.19 
-881 -882.627 1312.32 
-866 -864.468 1292.15 
-870 -872.804 1303.42 
-875 -871.402 1298.81 
-872 -870.154 1294.2 
-882 -878.274 1303.34 
-862 -860.876 1294.48 
-882 -877.586 1309.12 
-864 -866.048 1291.4 
-869 -876.527 1303.49 
-875 -873.933 1294.73 
-865 -866.739 1303.86 
-874 -872.814 1298.35 
-865 -868.105 1297.13 
-878 -874.519 1304.96 
-872 -870.606 1292.09 
-874 -874.512 1304.52 
-870 -866.498 1294.06 
-872 -875.641 1302.56 
-870 -870.737 1297.34 
-871 -869.062 1300.8 
-870 -872.192 1300.83 
-865 -870.098 1296.61 
-873 -873.408 1304.03 
-878 -872.942 1293.43 
-870 -874.005 1301.68 
-870 -868.95 1295.3 
-867 -871.144 1300.57 
-879 -872.848 1299.6 
-866 -870.496 1297.28 
-878 -875.467 1301.85 
-868 -868.491 1296.5 
-868 -871.735 1304.09 
-879 -873.908 1293.8 
-868 -869.851 1303.58 
-871 -870.964 1297.34 
-875 -876.717 1294.42 
-872 -867.125 1302.15 
-874 -872.602 1297.3 
-878 -875.765 1300.16 
-862 -867.058 1297.38 
-879 -875.491 1301.35 
-849 -858.225 1296.68 
-883 -880.465 1296.96 
-892 -871.891 1325.42 
-820 -894.647 1320.15 
-847 -875.564 1259.22 
-930 -848.011 1293.98 
-855 -874.462 1319.68 
-850 -873.014 1295.19 
-880 -861.625 1306.89 
-875 -876.996 1297.95 
-861 -877.699 1287.69 
-891 -858.649 1300.71 
-865 -871.966 1302.98 
-858 -877.155 1298.84 
-877 -860.46 1295.28 
-866 -887.444 1308.5 
-875 -875.87 1283.16 
-879 -865.232 1301.23 
-877 -874.484 1305.68 
-866 -876.264 1301.25 
-877 -874.283 1299.75 
-867 -866.834 1295.32 
-871 -871.227 1302.7 
-870 -870.899 1293.89 
-875 -872.385 1300.54 
-869 -869.263 1302.09 
-870 -872.956 1296.73 
-872 -873.559 1300.62 
-872 -870.079 1295.54 
-871 -872.428 1302.47 
-868 -872.158 1296.26 
-869 -872.661 1299.26 
-871 -871.581 1300.73 
-871 -872.477 1297.51 
-872 -872.167 1300.41 
-870 -869.421 1298.75 
-869 -872.515 1300.69 
-874 -871.246 1297.32 
-874 -872.055 1301.47 
-875 -872.09 1301.36 
-869 -872.871 1297.86 
-871 -870.443 1299.75 
-870 -869.928 1299.06 
-871 -871.935 1299.85 
-875 -870.416 1299.08 
-874 -870.575 1300.4 
-867 -871.159 1300.74 
-871 -871.355 1298.69 
-872 -873.829 1301.69 
-869 -867.71 1298.18 
-870 -872.191 1301.28 
-874 -871.389 1300.15 
-872 -869.592 1299.39 
-871 -869.608 1301.82 
-865 -872.045 1298.16 
-869 -870.872 1300.83 
-874 -872.436 1297.33 
-874 -869.817 1299.54 
-872 -873.543 1300.81 
-873 -872.187 1297.07 
-869 -872.502 1301.26 
-871 -871.994 1302.23 
-875 -869.586 1298.25 
-879 -873.553 1300.3 
-873 -874.429 1300.54 
-859 -869.213 1298.07 
-877 -867.713 1296.74 
-874 -872.945 1300.07 
-870 -877.496 1300.8 
-872 -870.951 1298.13 
-875 -862.926 1304.52 
-880 -887.023 1299.28 
-861 -874.958 1300.18 
-870 -863.892 1300.76 
-862 -881.616 1294.86 
-867 -867.797 1301.78 
-877 -873.34 1300.75 
-871 -874.295 1292.67 
-858 -858.892 1310.05 
-871 -878.982 1295.14 
-877 -874.64 1294.43 
-865 -864.086 1306.25 
-880 -877.141 1296.03 
-871 -871.707 1301.61 
-866 -865.459 1299.06 
-880 -879.228 1298.95 
-866 -867.454 1298.34 
-870 -870.045 1299.32 
-880 -873.779 1297.34 
-860 -867.061 1301.81 
-880 -874.006 1300.07 
-870 -871.845 1298.36 
-867 -870.654 1302.96 
-869 -872.03 1297.9 
-873 -873.069 1299.93 
-859 -867.156 1302.05 
-879 -876.739 1299.22 
-875 -877.156 1297.34 
-856 -863.035 1303.35 
-879 -879.666 1295.8 
-869 -872.105 1298.21 
-866 -865.25 1304.45 
-880 -877.999 1295.5 
-871 -868.177 1300.69 
-866 -869.943 1299.88 
-877 -878.186 1297.15 
-865 -868.58 1304.11 
-873 -871.926 1299.81 
-876 -877.536 1297.43 
-866 -864.057 1302.67 
-874 -873.323 1298.68 
-869 -875.994 1297.41 
-865 -867.14 1301.39 
-874 -875.074 1298.87 
-870 -870.98 1300.78 
-873 -869.017 1303.49 
-867 -874.502 1300.86 
-866 -867.888 1301.6 
-875 -871.458 1300.78 
-878 -874.676 1299.36 
-862 -867.994 1300.98 
-869 -872.967 1298.76 
-868 -872.907 1300.27 
-871 -868.946 1302.31 
-875 -873.386 1298.67 
-869 -869.314 1300.64 
-870 -869.705 1301.47 
-876 -875.742 1298.33 
-870 -868.792 1299.13 
-871 -870.567 1301.77 
-873 -874.328 1299.51 
-871 -869.921 1301.29 
-874 -872.5 1299.81 
-874 -874.957 1297.82 
-868 -869.849 1299.7 
-873 -874.221 1298.7 
-869 -869.68 1298.36 
-872 -869.939 1300.19 
-872 -873.276 1296.94 
-868 -871.346 1299.62 
-874 -871.133 1298.84 
-868 -874.341 1299.29 
-871 -869.81 1300.91 
-870 -873.665 1300.52 
-869 -872.184 1298.5 
-871 -870.47 1301.02 
-872 -873.928 1298.16 
-871 -870.513 1301.45 
-867 -872.266 1299.7 
-873 -872.561 1298.42 
-871 -870.944 1300.42 
-870 -870.756 1299.52 
-878 -872.046 1298.18 
-870 -870.355 1302.48 
-874 -872.026 1299.52 
-872 -871.89 1300.44 
-871 -871.709 1299.15 
-873 -872.153 1298.75 
-869 -869.641 1298.56 
-870 -871.489 1301.63 
-866 -870.409 1300.91 
-871 -869.889 1298.9 
-869 -870.971 1299.79 
-871 -872.837 1298.2 
-871 -870.794 1299.71 
-873 -873.444 1298.91 
-874 -874.009 1298.52 
-868 -871.515 1299.33 
-872 -874.413 1300.22 
-873 -873.351 1298.59 
-875 -871.188 1299.76 
-870 -873.661 1299.81 
-871 -870.558 1301.18 
-873 -870.812 1300.22 
-872 -871.076 1299.96 
-870 -869.698 1301.08 
-877 -874.153 1299.13 
-874 -871.161 1301.38 
-874 -869.889 1298.72 
-874 -870.186 1299.23 
-869 -871.681 1301.3 
-869 -872.675 1299.51 
-870 -872.634 1298.87 
-871 -872.25 1300.69 
-878 -873.522 1300.2 
-872 -872.533 1299.26 
-870 -872.573 1301.31 
-872 -872.957 1298.93 
-873 -871.754 1297.07 
-870 -872.757 1299.13 
-873 -872.709 1299.45 
-874 -871.69 1300 
-872 -871.201 1298.97 
-875 -872.392 1300.61 
-872 -869.846 1298.78 
-872 -873.861 1299.06 
-871 -869.56 1300.33 
-875 -869.419 1297.49 
-871 -870.623 1300.56 
-870 -871.947 1298.91 
-874 -870.278 1299.83 
-870 -870.399 1297.76 
-871 -869.949 1299.83 
-870 -870.836 1299.61 
-875 -872.832 1298.84 
-873 -871.981 1298 
-872 -872.269 1299.34 
-869 -869.838 1300.12 
-871 -870.485 1298.21 
-867 -875.049 1298.59 
-868 -871.094 1297.97 
-873 -870.166 1298.97 
-872 -873.123 1298.23 
-874 -872.311 1299.61 
-872 -872.04 1299.04 
-870 -870.597 1300.76 
-876 -872.435 1297.61 
-869 -869.032 1299.83 
-870 -871.879 1298.57 
-866 -871.206 1300.61 
-875 -872.838 1297.15 
-871 -869.549 1299.06 
-871 -872.224 1298.61 
-874 -871.964 1300.8 
-875 -872.125 1299.43 
-872 -872.762 1298.08 
-873 -873.262 1301.24 
-872 -872.301 1299.08 
-867 -873.422 1299.93 
-872 -871.338 1299.79 
-872 -869.344 1298.62 
-874 -871.663 1299.72 
-873 -872.881 1298.96 
-875 -872.307 1299.39 
-871 -870.88 1298.1 
-873 -872.328 1300.45 
-872 -871.397 1302.58 
-874 -870.955 1300.84 
-873 -872.048 1300.14 
-874 -872.892 1300.63 
-873 -872.852 1298.9 
-871 -871.195 1301.2 
-873 -872.113 1299.81 
-869 -870.647 1300.39 
-871 -873.997 1299.99 
-869 -872.791 1299.68 
-872 -870.489 1299.36 
-870 -871.646 1300.66 
-872 -869.324 1299.68 
-872 -871.644 1300.03 
-872 -872.544 1300.59 
-873 -871.886 1300.6 
-872 -870.469 1299.37 
-869 -874.025 1298.57 
-872 -872.703 1299.81 
-872 -872.88 1299.42 
-868 -872.792 1299.21 
-871 -870.196 1300.33 
-872 -872.933 1298.39 
-869 -871.585 1300.07 
-875 -867.669 1301.34 
-877 -875.566 1299.85 
-867 -872.587 1299.61 
-873 -869.788 1298.29 
-876 -872.32 1298.42 
-871 -869.614 1299.96 
-873 -871.272 1300.17 
-875 -876.797 1299.37 
-872 -870.544 1301.67 
-872 -872.336 1298.69 
-869 -872.684 1298.78 
-871 -870.798 1300.3 
-872 -873.881 1298.14 
-871 -870.461 1298.59 
-875 -872.805 1299.37 
-868 -870.617 1300.74 
-866 -868.068 1300.15 
-875 -873.533 1298.77 
-871 -869.009 1299.1 
-875 -870.366 1298.86 
-872 -873.932 1298.08 
-872 -869.559 1298.6 
-876 -873.673 1298.07 
-865 -868.963 1302.35 
-871 -872.248 1297.6 
-873 -875.637 1299.53 
-868 -868.146 1300.63 
-874 -874.387 1298.98 
-867 -868.198 1300.17 
-879 -874.357 1300.07 
-873 -873.136 1297.2 
-870 -867.835 1301.85 
-872 -876.131 1300.17 
-867 -870.257 1300.02 
-876 -871.462 1298.15 
-875 -876.425 1298.2 
-870 -868.398 1301.96 
-875 -873.733 1298.01 
-870 -869.511 1300.34 
-874 -871.901 1299.66 
-871 -875.451 1296.41 
-873 -869.218 1299.99 
-872 -871.867 1299.87 
-869 -868.75 1301.36 
-875 -872.461 1299.09 
-873 -872.787 1297.4 
-872 -869.045 1301.15 
-873 -871.524 1299.83 
-875 -871.607 1301.47 
-873 -871.531 1299.75 
-872 -872.613 1296.86 
-868 -869.842 1301.58 
-878 -871.052 1300.07 
-876 -870.408 1300.63 
-874 -870.191 1299.12 
-869 -872.692 1299.83 
-872 -869.262 1300.36 
-871 -871.392 1298.76 
-867 -869.231 1298.99 
-871 -871.469 1299.31 
-872 -871.22 1299.3 
-869 -871.895 1300.21 
-873 -869.713 1298.44 
-871 -872.139 1301.59 
-869 -872.604 1298.39 
-870 -871.368 1299.93 
-872 -871.773 1300.28 
-868 -869.207 1300.65 
-871 -870.378 1299.76 
-876 -872.161 1301.17 
-869 -870.257 1298.82 
-870 -873.292 1298.44 
-872 -872.275 1299.61 
-867 -871.339 1299.25 
-879 -871.513 1298.31 
-872 -871.34 1300.87 
-870 -872.897 1300.79 
-869 -871.016 1300.06 
-874 -872.446 1299.64 
-873 -872.132 1301.45 
-871 -872.604 1298.18 
-872 -872.613 1299.82 
-868 -869.371 1300.59 
-872 -871.971 1299.97 
-871 -872.961 1299.64 
-872 -871.547 1299.41 
-872 -872.384 1299.58 
-868 -870.638 1300.48 
-873 -872.813 1298.45 
-869 -871.749 1301.95 
-870 -871.389 1298.46 
-869 -870.773 1299.8 
-872 -873.421 1298.85 
-871 -871.338 1299.72 
-873 -874.195 1300.9 
-872 -872.595 1298.72 
-870 -870.027 1296.99 
-869 -870.768 1301.97 
-869 -870.547 1299.19 
-872 -871.194 1299.71 
-871 -871.537 1298.38 
-868 -872.057 1298.35 
-871 -872.063 1301.4 
-868 -870.71 1300.85 
-873 -870.384 1298.47 
-870 -872.366 1300 
-873 -872.82 1301.47 
-878 -869.685 1298.77 
-873 -871.596 1298.26 
-869 -870.229 1300.82 
-872 -873.108 1298.13 
-871 -869.565 1299.81 
-873 -873.045 1299.8 
-871 -870.449 1299.44 
-874 -871.771 1300.45 
-875 -871.074 1301.33 
-873 -870.889 1300.11 
-872 -869.581 1300 
-867 -868.774 1300.48 
-872 -872.233 1300.24 
-870 -872.191 1299.41 
-868 -871.758 1299.28 
-871 -872.286 1298.45 
-870 -873.383 1302.03 
-870 -871.098 1300.77 
-876 -870.235 1300.89 
-870 -870.889 1298.92 
-869 -871.353 1299.79 
-868 -872.194 1298.28 
-875 -872.8 1300.07 
-869 -869.532 1300.05 
-868 -872.365 1297.43 
-876 -872.298 1299.57 
-868 -871.582 1297.48 
-873 -873.084 1299.25 
-869 -873.602 1298.07 
-871 -872.604 1299.93 
-872 -871.839 1299.6 
-875 -870.879 1300.73 
-872 -872.571 1299.93 
-875 -872.131 1300.64 
-873 -873.059 1300.73 
-872 -870.917 1300.06 
-871 -871.191 1298.4 
-871 -873.517 1299.4 
-871 -869.52 1300.05 
-874 -870.476 1298.78 
-873 -872.784 1298.84 
-874 -873.197 1299.99 
-874 -871.038 1299.74 
-873 -871.141 1299.99 
-871 -869.792 1300.77 
-870 -872.19 1298.72 
-870 -870.307 1299.01 
-873 -869.621 1300.44 
-872 -872.088 1299.71 
-871 -868.885 1299.49 
-872 -872.141 1299.44 
-870 -872.47 1299.84 
-873 -870.722 1299.41 
-876 -869.566 1301.72 
-871 -869.724 1299.65 
-873 -868.191 1301.05 
-871 -874.062 1297.78 
-870 -870.676 1301.36 
-865 -871.071 1301.56 
-873 -872.012 1299.53 
-864 -868.043 1301.05 
-874 -874.761 1298.36 
-869 -870.986 1299.67 
-868 -869.842 1299.22 
-876 -874.312 1297.86 
-866 -867.7 1302.91 
-870 -872.974 1299.47 
-873 -873.394 1299.04 
-871 -870.48 1300.68 
-874 -875.542 1299.41 
-871 -870.279 1299.82 
-867 -874.119 1300.75 
-875 -872.216 1297.47 
-868 -870.631 1299.82 
-872 -871.686 1300.33 
-870 -871.261 1298.61 
-869 -873.002 1299.92 
-873 -872.027 1299.68 
-873 -871.673 1300.59 
-875 -870.52 1298.33 
-870 -868.901 1300.56 
-879 -872.49 1299.57 
-871 -870.358 1300.09 
-872 -871.582 1300.79 
-872 -872.343 1300.68 
-870 -868.085 1300.29 
-873 -873.889 1297.13 
-873 -871.111 1299.16 
-869 -869.537 1300.15 
-871 -871.893 1299.17 
-871 -870.454 1301.43 
-873 -874.357 1298.33 
-868 -871.549 1301.2 
-873 -872.108 1298.82 
-869 -869.844 1297.93 
-876 -873.381 1300.17 
-877 -873.101 1299.27 
-869 -872.094 1298.74 
-877 -871.68 1297.78 
-865 -870.252 1300.54 
-875 -872.097 1300.94 
-877 -873.435 1297.3 
-869 -870.425 1299.97 
-870 -873.7 1300.05 
-866 -870.277 1302.17 
-874 -872.136 1301.21 
-869 -873.02 1297.63 
-869 -871.189 1299.23 
-872 -874.094 1299.54 
-871 -868.905 1300.81 
-874 -873.693 1298.73 
-873 -869.565 1299.01 
-870 -871.614 1300.27 
-872 -873.153 1301.46 
-874 -872.023 1299.22 
-874 -874.534 1298.82 
-871 -870.364 1297.36 
-869 -871.136 1299.2 
-873 -870.391 1297.45 
-869 -869.115 1298.25 
-870 -873.462 1299.26 
-870 -871.781 1298.06 
-868 -870.379 1300.58 
-873 -871.462 1298.12 
-865 -868.197 1300.3 
-869 -874.889 1298.48 
-869 -869.692 1300.35 
-872 -871.332 1299.73 
-871 -870.685 1301.02 
-868 -869.782 1298.26 
-873 -873.919 1299.34 
-870 -866.616 1301.03 
-877 -870.59 1299.72 
-872 -870.324 1299.98 
-872 -873.215 1299.74 
-876 -873.071 1300.06 
-869 -870.442 1300.48 
-872 -872.282 1300.22 
-871 -871.925 1301.01 
-870 -872.723 1301.8 
-869 -874.291 1296.93 
-871 -868.659 1299.07 
-874 -875.855 1298.46 
-873 -869.63 1301.09 
-869 -871.638 1301.62 
-874 -875.207 1298.71 
-868 -868.793 1300.55 
-871 -871.887 1299.11 
-870 -870.853 1300.85 
-869 -870.282 1301.31 
-874 -875.342 1298.47 
-873 -870.641 1299.52 
-874 -871.619 1299.87 
-875 -870.629 1299.01 
-872 -870.828 1301.23 
-873 -874.55 1298.53 
-870 -871.047 1299.62 
-876 -872.126 1299.58 
-872 -871.65 1300.45 
-873 -872.065 1297.45 
-872 -869.803 1299.78 
-872 -871.28 1300.85 
-872 -872.344 1300.47 
-874 -870.3 1301.36 
-876 -873.848 1299.57 
-872 -872.719 1299.56 
-871 -872.141 1301.48 
-878 -873.199 1299.93 
-870 -870.319 1300.8 
-874 -873.135 1299.52 
-870 -872.263 1299.13 
-869 -871.103 1301.35 
-872 -872.471 1299.57 
-867 -871.35 1302.41 
-874 -873.998 1299.76 
-873 -872.667 1299.8 
-870 -869.389 1301.74 
-874 -872.697 1299.75 
-870 -868.609 1301.17 
-873 -874.557 1295.33 
-871 -869.32 1299.81 
-876 -871.91 1299.9 
-870 -872.943 1301.03 
-873 -872.5 1301.68 
-878 -875.239 1299.9 
-866 -871.912 1301.37 
-874 -872.928 1300.66 
-868 -870.225 1299.21 
-875 -869.919 1300.78 
-869 -873.825 1298.88 
-870 -870.52 1299.65 
-875 -873.52 1298.87 
-866 -871.319 1300.42 
-869 -871.008 1301.48 
-870 -872.459 1300.02 
-875 -869.201 1301.5 
-874 -872.141 1299.06 
-869 -868.058 1302.29 
-873 -872.497 1300.88 
-875 -873.083 1299.58 
-872 -870.65 1300.02 
-874 -872.979 1298.46 
-867 -870.432 1302.09 
-873 -871.401 1300.87 
-873 -873.06 1298.88 
-869 -869.804 1301.43 
-872 -872.726 1298.64 
-869 -867.87 1301.13 
-877 -873.604 1297.63 
-869 -870.303 1301.38 
-875 -869.762 1300.04 
-874 -874.929 1299.35 
-872 -869.431 1299.59 
-878 -873.494 1296.8 
-871 -872.408 1299.42 
-873 -871.369 1301.34 
-871 -872.48 1297.21 
-871 -867.813 1300.36 
-868 -871.354 1298.6 
-874 -870.98 1300.58 
-872 -871.109 1297.57 
-879 -873.791 1298.94 
-869 -870.719 1298.81 
-875 -873.764 1299.58 
-871 -870.858 1301.79 
-869 -870.199 1299.58 
-869 -870.538 1299.44 
-868 -874.088 1300.96 
-874 -872.366 1299.79 
-867 -870.987 1299.35 
-870 -871.834 1299.05 
-868 -868.798 1300.32 
-877 -872.152 1299.67 
-873 -872.332 1302.02 
-870 -871.531 1301.27 
-869 -874.175 1299 
-872 -873.749 1299.84 
-869 -870.617 1302.04 
-876 -872.973 1300.82 
-873 -872.054 1300 
-875 -871.206 1299.21 
-869 -872.626 1298.59 
-871 -874.024 1301.19 
-867 -872.403 1299.57 
-869 -869.549 1299.11 
-872 -870.918 1300.24 
-870 -870.47 1300.64 
-869 -874.118 1298.33 
-870 -871.22 1299.54 
-869 -872.351 1300.03 
-874 -871.744 1299.04 
-870 -872.698 1299.61 
-875 -873.65 1298.95 
-868 -870.42 1297.17 
-874 -871.54 1298.46 
-869 -871.369 1299.35 
-871 -871.515 1299.78 
-873 -871.674 1299.77 
-876 -869.371 1299.89 
-877 -872.632 1296.76 
-871 -869.342 1299.73 
-871 -870.999 1299.24 
-872 -871.588 1299.23 
-874 -872.877 1300.29 
-866 -871.114 1299.17 
-872 -872.785 1298.34 
-874 -872.569 1301.57 
-872 -871.79 1298.83 
-871 -869.764 1298.43 
-870 -871.526 1298.84 
-871 -872.08 1300.21 
-871 -872.902 1300.17 
-874 -871.153 1299.63 
-874 -871.064 1300.7 
-875 -871.437 1299.36 
-874 -870.579 1299.73 
-874 -871.438 1299.1 
-869 -872.293 1300.02 
-873 -871.289 1300.8 
-872 -871.923 1298.91 
-872 -871.653 1301.44 
-873 -871.293 1299.58 
-874 -870.087 1297.87 
-873 -872.709 1300.01 
-870 -872.408 1301.48 
-871 -869.808 1299.05 
-869 -871.602 1301.09 
-872 -873.469 1301.23 
-870 -870.881 1301.56 
-875 -871.654 1299.43 
-871 -871.004 1299.74 
-874 -870.322 1299.94 
-870 -871.737 1300.31 
-868 -872.976 1301.09 
-872 -871.05 1298.77 
-874 -874.217 1300.06 
-877 -872.405 1299.3 
-870 -873.249 1299.75 
-874 -871.065 1298.94 
-872 -871.51 1299.77 
-870 -872.168 1300.75 
-871 -873.177 1300.36 
-867 -871.531 1299.98 
-869 -872.169 1299.02 
-870 -873.738 1301.82 
-873 -871.032 1300.86 
-865 -872.572 1299.1 
-870 -871.907 1299.84 
-867 -871.627 1300.64 
-873 -872.918 1300.32 
-872 -869.977 1301.71 
-873 -871.157 1300.67 
-872 -873.77 1300.67 
-869 -872.058 1298.2 
-870 -871.977 1299.29 
-874 -870.83 1300.36 
-869 -871.449 1300.26 
-874 -871.042 1302.01 
-872 -870.953 1299.67 
-873 -872.724 1299.93 
-872 -870.532 1300.06 
-868 -871.542 1300.69 
-874 -872.986 1300.77 
-871 -871.507 1298.31 
-872 -872.381 1298.01 
-870 -868.365 1297.64 
-870 -872.719 1299.84 
-872 -870.403 1298.22 
-870 -869.479 1297.68 
-869 -870.5 1300.97 
-873 -872.824 1300.24 
-874 -871.048 1299.64 
-870 -871.37 1298.76 
-873 -871.928 1297.59 
-867 -870.772 1299.49 
-871 -872.241 1299.79 
-873 -871.896 1297.52 
-874 -872.483 1299.28 
-871 -871.951 1299.39 
-867 -870.182 1298.58 
-870 -873.688 1299.05 
-870 -871.675 1301.13 
-871 -872.069 1300.07 
-873 -873.225 1301.41 
-871 -871.613 1301.01 
-870 -870.642 1299.9 
-875 -872.049 1298.71 
-871 -872.3 1300.54 
-871 -870.871 1300.52 
-869 -871.798 1299.56 
-872 -871.302 1301.82 
-871 -868.873 1299.65 
-869 -872.328 1298.12 
-876 -873.191 1298.44 
-868 -870.376 1298.84 
-873 -871.242 1299.66 
-874 -873.638 1300.18 
-866 -871.334 1298.68 
-868 -872.369 1300.59 
-874 -871.285 1301.43 
-871 -872.28 1299.69 
-871 -871.232 1299.38 
-877 -873.385 1298.81 
-873 -872.302 1301.4 
-875 -872.289 1300.84 
-872 -871.82 1301.07 
-872 -871.327 1299.49 
-871 -874.238 1299.19 
-869 -872.031 1298.75 
-869 -870.957 1299.63 
-872 -871.641 1301.8 
-873 -871.75 1299.99 
-876 -872.936 1300.36 
-872 -873.217 1300.6 
-872 -870.117 1299.67 
-874 -872.53 1300.15 
-875 -873.798 1301 
-871 -871.342 1300.74 
-871 -872.579 1299.63 
-876 -871.942 1299.6 
-869 -869.693 1301.2 
-872 -874.521 1298.09 
-868 -871.014 1299.62 
-867 -869.773 1300.76 
-878 -876.119 1297.98 
-873 -869.86 1300.45 
-876 -872.406 1298.09 
-867 -869.165 1300.49 
-871 -870.612 1300.58 
-874 -876.186 1299.05 
-873 -867.923 1301.46 
-873 -872.245 1299.62 
-871 -872.365 1300.07 
-867 -870.377 1301.45 
-873 -874.84 1298.35 
-869 -872.008 1300.12 
-869 -870.33 1299.18 
-871 -873.398 1299.18 
-871 -870.579 1299.57 
-872 -872.365 1300.41 
-867 -870.792 1298.89 
-873 -872.366 1298.17 
-872 -871.325 1299.02 
-872 -871.696 1298.38 
-873 -872.093 1301.38 
-872 -872.2 1298.88 
-870 -871.246 1298.34 
-872 -869.502 1299.69 
-873 -873.482 1300.88 
-875 -872.064 1301.07 
-868 -871.029 1302.33 
-868 -871.705 1299.97 
-867 -870.164 1301.99 
-871 -871.789 1300.47 
-869 -870.765 1302.12 
-871 -869.802 1299.02 
-871 -869.739 1300.39 
-876 -871.994 1298.24 
-873 -874.044 1301.23 
-870 -869.805 1301.04 
-875 -872.578 1300.17 
-873 -869.401 1300.53 
-869 -871.513 1298.23 
-873 -873.518 1299.97 
-872 -870.41 1302.08 
-872 -873.1 1299.97 
-874 -870.116 1299.75 
-867 -871.651 1302.18 
-872 -873.811 1296.53 
-866 -868.6 1301.24 
-874 -874.358 1298.08 
-871 -872.921 1300.64 
-869 -870.807 1300.52 
-875 -874.224 1299.27 
-871 -870.91 1301.47 
-875 -873.354 1297.65 
-871 -870.621 1300.15 
-875 -871.38 1298.23 
-871 -871.726 1299.75 
-875 -872.751 1299.61 
-871 -870.565 1297.44 
-874 -873.088 1298.36 
-875 -873.047 1299.11 
-871 -870.189 1301.41 
-873 -875.232 1297.93 
-872 -870.015 1301.86 
-874 -872.395 1298.4 
-878 -871.968 1300.36 
-868 -870.579 1302.57 
-872 -873.424 1299.86 
-871 -871.603 1301.42 
-873 -871.652 1301.11 
-874 -873.059 1299.51 
-873 -868.692 1300.53 
-870 -874.592 1298.63 
-869 -870.422 1302.59 
-871 -871.899 1300.99 
-871 -872.284 1300.58 
-871 -870.073 1300.91 
-873 -870.751 1298.53 
-876 -870.368 1296.83 
-872 -873.466 1298.39 
-873 -871.561 1298.47 
-870 -870.455 1299.89 
-870 -871.209 1298.93 
-873 -873.203 1299.66 
-871 -870.47 1298.81 
-876 -871.698 1299.28 
-872 -871.978 1302.03 
-871 -870.298 1303.23 
-872 -873.29 1297.86 
-867 -871.829 1299.14 
-869 -871.197 1300.31 
-879 -873.781 1299.9 
-871 -869.365 1303.5 
-873 -874.339 1299.76 
-866 -871.469 1299.93 
-872 -869.816 1300.89 
-868 -874.277 1298.59 
-868 -871.069 1300.57 
-873 -874.019 1300.54 
-868 -870.995 1298.91 
-873 -870.198 1299.02 
-875 -873.083 1302.01 
-871 -873.23 1300.89 
-876 -873.097 1300.54 
-872 -869.382 1300.54 
-872 -872.481 1300.14 
-867 -871.727 1301.12 
-871 -871.184 1299.92 
-871 -870.259 1299.15 
-870 -870.747 1300.08 
-875 -874.854 1298.51 
-869 -868.894 1301.35 
-875 -871.461 1300.15 
-870 -873.505 1299.65 
-874 -869.76 1300.81 
-874 -872.288 1299.21 
-872 -872.08 1299.35 
-872 -872.564 1299.94 
-876 -871.559 1299.12 
-872 -869.771 1299.23 
-873 -874.237 1297.94 
-873 -871.819 1299.98 
-875 -870.989 1298.14 
-873 -873.264 1298.18 
-873 -871.173 1298.71 
-873 -872.873 1299.98 
-866 -870.782 1299.96 
-874 -874.639 1298.69 
-872 -871.6 1301.88 
-874 -871.555 1300.43 
-875 -872.124 1300.21 
-870 -870.532 1298.69 
-875 -872.265 1299.77 
-872 -870.889 1300.82 
-872 -873.056 1299.52 
-871 -869.065 1301.71 
-875 -871.95 1298.64 
-873 -871.273 1300.05 
-870 -869.787 1302.1 
-873 -874.473 1297.37 
-869 -871.328 1299.07 
-870 -870.607 1299.35 
-871 -872.175 1300.59 
-872 -869.982 1300.92 
-871 -870.906 1298.23 
-874 -873.308 1299.55 
-869 -871.14 1299.66 
-874 -871.081 1300.74 
-870 -870.955 1300.33 
-869 -869.08 1300.82 
-873 -873.737 1300.94 
-870 -868.587 1302.67 
-874 -874.213 1298.26 
-874 -872.029 1302.05 
-876 -871.994 1300.02 
-872 -873.005 1301.54 
-870 -873.185 1296.65 
-871 -871.23 1297.87 
-874 -869.295 1299.71 
-870 -873.027 1300.05 
-874 -872.944 1301.06 
-874 -872.273 1301.16 
-869 -869.619 1298.98 
-871 -872.894 1299.2 
-867 -870.977 1300.04 
-866 -870.537 1299.86 
-869 -871.785 1298.9 
-874 -869.71 1300.5 
-869 -870.856 1300.1 
-870 -872.342 1300.19 
-873 -872.414 1299.94 
-869 -869.641 1299.59 
-869 -870.925 1300.15 
-872 -871.629 1300.3 
-871 -873.191 1300.23 
-873 -873.341 1301.02 
-873 -869.559 1298.98 
-870 -870.981 1298.81 
-873 -872.427 1299.55 
-870 -872.109 1299.04 
-868 -868.136 1300.97 
-871 -872.758 1299.16 
-871 -871.945 1298.34 
-865 -874.543 1298.98 
-878 -875.4 1299.54 
-857 -860.117 1304.46 
-880 -878.929 1296.87 
-878 -874.372 1298 
-863 -863.558 1304.59 
-884 -877.755 1298.44 
-868 -872.669 1301.61 
-869 -869.824 1301.12 
-873 -869.996 1301.56 
-877 -872.483 1298.47 
-866 -868.964 1300.32 
-877 -869.938 1302.64 
-873 -875.296 1301.25 
-871 -871.53 1299.48 
-869 -871.769 1298.95 
-870 -870.417 1302.22 
-872 -873.756 1298.97 
-867 -871.242 1299.98 
-875 -872.96 1299.66 
-872 -871.383 1299.14 
-872 -872.253 1300.83 
-867 -870.021 1302.58 
-873 -875.033 1300.37 
-873 -871.117 1299.33 
-872 -869.545 1300.05 
-870 -871.467 1300.34 
-870 -871.23 1301.22 
-875 -870.636 1302.28 
-874 -874.238 1300.33 
-870 -871.514 1300.12 
-870 -870.121 1302.33 
-871 -871.639 1298.38 
-868 -869.916 1300.17 
-873 -869.815 1299.6 
-867 -871.36 1298.65 
-866 -871.406 1301.1 
-872 -871.261 1301.5 
-873 -870.767 1299.66 
-873 -870.073 1300.74 
-867 -871.281 1301.33 
-868 -870.946 1301.52 
-869 -870.437 1299.53 
-870 -869.378 1299.42 
-874 -868.334 1301.94 
-875 -871.838 1299.69 
-869 -869.863 1300.83 
-872 -870.723 1298.82 
-867 -871.072 1299.94 
-868 -872.665 1297.97 
-870 -869.794 1300.64 
-867 -871.011 1299.9 
-872 -869.5 1302.12 
-869 -870.565 1301.32 
-872 -871.32 1298.67 
-871 -870.778 1299.67 
-870 -871.203 1299.01 
-867 -870.097 1300.07 
-873 -871.723 1299.5 
-872 -872.775 1302.76 
-874 -870.892 1298.56 
-873 -870.58 1301.48 
-871 -870.152 1298.53 
-872 -871.241 1301.33 
-870 -869.522 1299.74 
-871 -871.135 1301.24 
-870 -872.564 1300.62 
-873 -870.876 1300.8 
-872 -870.338 1301.24 
-868 -870.941 1300.77 
-872 -871.669 1301.55 
-873 -872.746 1300.79 
-871 -871.682 1299.97 
-872 -869.517 1299.23 
-869 -871.297 1301.23 
-871 -871.75 1301.6 
-872 -867.69 1300.68 
-874 -872.745 1299.22 
-873 -870.565 1301.67 
-871 -870.316 1297.73 
-872 -872.059 1300.21 
-873 -870.557 1299.48 
-865 -868.244 1301.48 
-871 -871.352 1298.1 
-871 -870.883 1299.86 
-871 -870.528 1300.51 
-878 -871.344 1300.6 
-865 -868.442 1301.66 
-865 -867.808 1301.74 
-873 -871.926 1298.12 
-869 -871.065 1301.39 
-870 -872.082 1299.02 
-870 -870.994 1301.24 
-870 -869.255 1300.97 
-870 -871.628 1302.14 
-878 -875.082 1299.56 
-874 -870.486 1299.49 
-873 -872.119 1298.53 
-870 -869.097 1303.53 
-868 -868.788 1299.89 
-877 -874.152 1299.07 
-871 -871.516 1300.24 
-872 -872.63 1297.23 
-869 -872.503 1301.32 
-867 -868.016 1298.28 
-872 -872.13 1300.51 
-877 -874.619 1297.09 
-870 -868.047 1302.21 
-869 -871.292 1299.42 
-871 -869.458 1301.17 
-868 -869.842 1301.43 
-872 -873.356 1296.63 
-868 -871.437 1300.84 
-873 -872.648 1298.7 
-873 -871.82 1302.27 
-869 -868.174 1300.27 
-878 -872.952 1299.54 
-869 -874.006 1299.72 
-868 -868.82 1299.75 
-871 -871.573 1299.05 
-870 -869.611 1298.68 
-867 -868.04 1300.2 
-874 -873.913 1299.18 
-870 -871.399 1298.22 
-872 -870.726 1299.13 
-875 -872.619 1299.08 
-870 -865.878 1302.26 
-872 -872.452 1297.99 
-870 -870.193 1300.71 
-872 -872.3 1298.8 
-870 -870.598 1299.99 
-868 -870.183 1299.1 
-872 -869.516 1300.41 
-873 -872.625 1297.85 
-870 -870.405 1301.09 
-871 -870.415 1300.29 
-874 -870.395 1299.87 
-867 -866.164 1302.61 
-876 -875.183 1298.25 
-871 -871.254 1300.5 
-874 -873.111 1300.96 
-866 -869.165 1300.73 
-868 -871.939 1298.77 
-870 -866.734 1302.14 
-878 -875.201 1293.01 
-866 -869.984 1301.11 
-873 -871.893 1300.05 
-869 -872.699 1301.13 
-866 -868.885 1301.23 
-874 -874.402 1300.18 
-869 -874.367 1300.06 
-872 -873.518 1300.61 
-874 -875.082 1299.76 
-869 -868.874 1300.34 
-873 -871.248 1300 
-877 -876.486 1297.97 
-870 -870.062 1300.34 
-876 -871.909 1299.2 
-871 -871.409 1299.84 
-867 -867.5 1303.16 
-873 -872.613 1300.09 
-872 -870.605 1297.92 
-869 -870.351 1299.34 
-870 -872.862 1299.92 
-867 -867.856 1301.85 
-868 -874.496 1300.56 
-872 -875.43 1299.67 
-875 -870.372 1300.89 
-874 -872.911 1300.05 
-867 -869.932 1299.51 
-873 -869.489 1299.14 
-872 -873.267 1297.16 
-871 -872.436 1299.92 
-868 -868.742 1300.63 
-874 -873.189 1298.95 
-867 -866.958 1302.43 
-871 -873.747 1297.82 
-873 -871.175 1301.82 
-872 -872.164 1297.31 
-870 -869.742 1302.31 
-867 -868.798 1300.06 
-869 -872.006 1297.42 
-872 -871.787 1297.43 
-873 -870.937 1299.68 
-867 -871.114 1298.76 
-865 -868.753 1300.53 
-872 -871.01 1300.89 
-872 -871.022 1301.33 
-873 -871.215 1300.34 
-874 -872.735 1300.19 
-869 -868.265 1302.57 
-874 -873.44 1299.07 
-870 -873.229 1300.46 
-880 -870.356 1300.07 
-872 -872.03 1297.42 
-867 -871.025 1301.77 
-874 -870.868 1298 
-876 -873.956 1298.22 
-867 -866.751 1300.53 
-874 -874.513 1296.66 
-875 -873.814 1298.97 
-866 -868.092 1302.74 
-872 -872.929 1298.3 
-870 -869.456 1299.24 
-879 -870.242 1300.75 
-875 -875.435 1297.83 
-874 -870.524 1301.33 
-874 -872.478 1299.94 
-871 -873.301 1298.13 
-866 -869.305 1298.75 
-872 -874.014 1299.67 
-876 -872.678 1298.91 
-872 -870.414 1299.97 
-982 -713.018 1276.43 
-895 -902.926 1326.16 
-1054 -741.129 1321.63 
-763 -814.808 1302.49 
-1011 -920.194 1282.99 
-847 -871.143 1381.37 
-779 -826.332 1293.4 
-1006 -858.637 1363.45 
-1120 -1019.63 1466.6 
-379 -628.65 1171.62 
-332 -970.108 1223.91 
-612 -399.065 1251.14 
-718 -561.243 329.503 
-488 -503.349 842.273 
-738 -774.204 1181.59 
-849 -955.385 983.841 
-438 -565.503 987.685 
-841 -724.712 1053.49 
-554 -606.09 934.824 
-483 -494.419 652.186 
68 -209.998 394.441 
349 249.19 -101.063 
159 159.915 -304.092 
99 119.314 63.106 
53 -193.512 288.565 
30 5.897 170.982 
59 44.829 132.245 
204 127.386 -110.679 
183 89.277 -492.708 
212 275.479 -43.558 
94 79.232 -18.524 
91 85.783 -49.829 
-762 -17.241 165.33 
-145 -221.997 -0.342 
72 121.047 -35.211 
-282 277.481 24.603 
-17 -138.401 -159.317 
35 145.601 -5.359 
97 61.911 -106.043 
101 110.063 35.325 
61 -215.674 -65.111 
132 48.244 8.736 
-13 32.194 -88.396 
-58 -12.169 51.835 
-19 7.098 53.17 
115 42.218 -258.586 
82 92.885 116.919 
26 40.445 -130.433 
122 82.691 16.949 
83 76.58 -147.135 
-27 110.469 -14.992 
-6 0.953 -78.391 
117 93.63 -58.456 
102 114.125 -79.036 
67 66.734 -47.879 
77 66.665 -42.894 
81 78.703 -56.568 
74 85.49 -38.934 
0 45.089 -48.188 
41 28.411 -45.945 
-12 11.107 -10.218 
230 311.115 -27.952 
29 155.777 -65.172 
28 10.816 -38.395 
133 113.778 45.157 
100 69.274 82.24 
169 149.882 -80.276 
166 136.112 -77.948 
-33 -13.749 49.163 
221 192.677 66.238 
-973 -75.756 -120.192 
406 93.511 -17.13 
54 128.23 -58.826 
-34 3.778 -126.251 
-22 -94.033 93.355 
114 57.718 160.033 
200 284.662 -106.996 
113 63.047 -162.725 
24 10.839 -52.821 
120 96.185 89.133 
112 213.991 -92.933 
61 89.53 -28.777 
190 209.403 -53.293 
133 133.924 -19.934 
278 227.969 -35.456 
124 208.424 -75.779 
652 -298.975 111.776 
58 116.051 -58.37 
206 207.91 -82.752 
-23 -7.099 -18.934 
269 8.57 57.259 
403 326.734 -48.952 
189 184.811 -192.531 
623 389.952 -147.382 
458 319.654 -134.01 
101 184.528 29.727 
151 83.724 -147.667 
283 181.245 -8.609 
111 172.37 -72.566 
117 99.815 -122.309 
36 127.781 -21.557 
193 211.691 -149.076 
215 194.341 -1.672 
102 142.166 -151.876 
17 32.055 -41.818 
176 154.553 -117.218 
138 82.574 -99.346 
140 126.894 -67.544 
123 102.845 -39.569 
105 100.543 -86.639 
164 129.901 -55.082 
245 270.115 -110.988 
542 -553.467 -11.036 
478 -170.605 -94.555 
187 126.25 -32.346 
469 465.196 -2.644 
190 271.144 -152.002 
99 264.217 -225.111 
257 331.099 62.046 
178 251.561 -149.176 
212 150.357 -104.923 
264 309.599 -20.15 
374 260.423 -146.65 
234 343.293 -114.237 
302 225.811 -67.553 
190 103.306 54.627 
-31 -48.687 -237.132 
140 175.755 86.785 
108 61.882 -148.751 
174 197.422 -12.238 
60 85.795 -111.587 
131 144.198 -24.71 
-25 21.786 -61.702 
87 62.174 35.463 
9 58.058 -73.523 
-2 -4.604 72.948 
66 81.511 -68.596 
72 81.968 24.854 
39 44.487 -62.492 
18 23.238 47.162 
-12 -1.122 -27.36 
0 9.857 50.6 
28 -29.223 -21.47 
-77 60.533 33.583 
45 26.147 -40.84 
-28 -24.884 32.661 
-15 -22.636 13.122 
74 79.897 99.377 
598 103.229 -47.26 
252 149.556 5.633 
77 102.346 -55.151 
81 30.641 86.77 
7 25.282 17.605 
-5 42.146 -34.905 
86 41.657 46.782 
216 171.243 -44.96 
136 127.625 -5.079 
147 164.578 -23.936 
48 54.958 89.152 
49 52.901 -15.108 
72 64.653 -27.05 
123 116.389 59.057 
125 130.86 -19.883 
102 109.818 -6.025 
116 114.751 9.476 
78 83 23.878 
72 70.127 -7.793 
128 117.174 25.283 
106 111.023 -2.945 
105 101.859 3.95 
99 101.018 16.264 
88 89.469 -0.504 
108 104.224 14.312 
109 113.917 1.659 
91 94.7 13.073 
99 94.915 7.332 
105 99.409 9.182 
112 110.207 3.071 
101 98.686 12.047 
92 93.455 7.105 
100 102.037 10.292 
108 108.274 4.182 
100 99.426 10.8 
94 96.44 8.088 
107 101.096 10.062 
104 107.283 7.256 
98 99.102 8.678 
100 97.923 7.818 
104 101.881 8.224 
109 106.516 4.571 
97 96.123 10.448 
102 98.369 7.96 
107 103.979 8.468 
109 105.986 4.978 
101 98.55 9.519 
100 96.108 6.678 
108 104.66 7.768 
101 104.617 7.695 
94 99.046 7.311 
98 97.437 6.239 
103 103.943 7.054 
100 103.725 8.235 
102 99.275 9.628 
99 100.047 7.806 
105 102.561 6.805 
103 103.501 7.499 
97 98.163 7.911 
100 98.812 7.213 
103 102.186 6.924 
101 103.124 8.376 
98 101.329 6.436 
105 100.835 10.394 
105 107.116 7.817 
100 102.565 7.749 
103 99.151 10.052 
102 100.425 7.545 
103 106.882 6.551 
101 102.005 8.528 
100 98.304 7.976 
105 100.506 6.335 
104 103.409 7.344 
99 100.006 7.918 
101 100.314 7.979 
103 101.492 9.351 
104 105.348 7.253 
102 102.114 8.495 
102 98.603 9.499 
106 103.127 7.652 
102 103.915 7.721 
101 100.206 7.515 
97 99.696 9.326 
104 103.338 7.524 
100 102.51 10.057 
98 101.029 6.484 
102 102.925 8.621 
108 104.216 8.092 
106 103.082 7.724 
102 101.519 7.805 
98 100.615 8.383 
99 102.141 8.743 
101 100.934 7.669 
100 101.078 8.292 
101 99.971 7.669 
104 104.626 7.335 
100 101.312 7.014 
99 99.554 7.85 
99 102.004 6.508 
102 104.429 7.337 
101 100.211 6.897 
100 99.216 8.392 
103 101.979 8.33 
103 103.486 7.708 
100 103.313 9.225 
102 100.598 7.705 
106 103.031 6.328 
104 103.308 8.237 
101 101.204 7.92 
101 102.303 8.608 
102 102.944 8.322 
104 102.082 10.165 
102 99.125 7.926 
101 102.362 7.432 
106 104.037 7.1 
104 101.516 8.313 
101 101.445 7.49 
99 102.506 7.305 
101 103.251 7.446 
103 102.834 6.864 
101 100.633 7.533 
100 102.055 7.168 
104 103.322 10.565 
104 101.73 7.943 
100 99.23 5.387 
102 102.953 8.048 
101 102.911 7.641 
105 100.897 8.686 
99 100.822 7.398 
105 101.026 7.936 
103 101.196 7.712 
102 100.62 9.026 
99 101.153 6.692 
103 103.109 7.952 
101 102.419 9.279 
97 102.418 8.624 
99 100.818 7.912 
102 102.492 6.884 
103 101.708 8.391 
102 99.437 7.713 
99 99.347 7.047 
101 102.813 8.363 
104 101.222 6.976 
105 99.842 7.707 
99 101.306 8.041 
104 103.129 7.172 
99 99.941 7.512 
103 100.963 9.726 
104 100.931 6.033 
106 103.637 9.312 
100 100.434 7.975 
104 101.117 8.191 
100 101.874 9.333 
98 101.833 8.95 
98 101.537 10.22 
100 100.209 6.406 
100 103.644 8.391 
103 100.351 6.845 
102 104.205 5.858 
104 102.267 5.876 
103 101.21 8.854 
101 102.127 8.294 
100 100.44 8.803 
105 100.952 7.302 
104 102.447 9.288 
98 102.091 7.912 
100 102.289 9.49 
105 103.19 8.01 
103 102.044 6.777 
96 101.711 10.21 
98 102.445 8.027 
104 101.151 7.776 
100 103.853 9.212 
101 102.104 7.787 
102 102.467 8.357 
105 102.221 7.842 
102 101.602 8.763 
103 101.113 6.727 
100 101.049 7.746 
97 101.93 8.162 
103 103.225 5.939 
104 100.857 9.62 
104 103.102 10.163 
105 104.182 8.834 
101 102.709 8.045 
104 102.054 8.378 
105 100.658 8.584 
99 101.643 8.616 
105 100.29 7.997 
104 100.886 8.026 
106 103.763 7.531 
102 100.731 9.319 
100 102.191 7.922 
103 100.297 6.364 
101 102.25 7.121 
99 101.424 5.522 
101 101.169 7.251 
99 101.159 7.055 
102 100.358 7.822 
102 101.126 7.905 
101 102.548 8.864 
104 102.775 9.338 
104 101.337 8.958 
102 103.746 7.304 
102 99.888 7.699 
101 102.042 8.692 
102 100.562 7.553 
98 103.718 8.678 
101 100.951 7.289 
105 101.531 8.621 
102 100.411 7.476 
102 100.515 8.924 
102 103.466 8.654 
98 102.184 8.906 
104 102.413 8.257 
103 100.309 9.8 
101 101.473 8.893 
104 103.148 8.399 
107 102.486 8.004 
104 103.594 7.453 
109 101.318 9.212 
101 102.496 6.32 
103 102.346 7.573 
100 100.287 8.988 
101 100.289 6.852 
101 100.46 7.223 
99 101.991 5.794 
98 100.82 8.459 
102 100.299 8.108 
98 101.675 7.456 
101 101.244 7.406 
104 102.386 9.24 
98 99.376 8.193 
99 100.634 8.528 
99 101.289 5.553 
100 101.014 8.749 
103 102.485 8.047 
104 101.841 7.292 
101 101.343 8.965 
102 100.289 6.998 
103 101.806 9.271 
103 102.136 7.884 
98 101.544 8.619 
102 101.271 6.271 
106 101.492 8.852 
100 99.289 5.99 
104 101.709 7.835 
100 102.355 8.687 
107 102.171 9.872 
102 101.504 7.903 
101 100.535 8.557 
99 101.944 6.974 
102 103.808 8.495 
98 101.582 9.19 
104 103.133 7.848 
104 101.564 9.466 
97 101.739 11.18 
101 100.955 9.073 
98 102.209 5.919 
98 103.868 7.733 
106 100.992 6.625 
102 102.414 7.491 
101 100.863 7.081 
102 100.575 8.454 
103 100.987 8.183 
100 100.133 9.017 
102 100.848 7.712 
104 101.184 5.48 
99 100.044 8.512 
102 101.496 8.982 
101 102.095 8.247 
103 104.524 6.983 
105 102.935 7.919 
100 104.787 7.7 
101 101.935 8.209 
106 101.281 6.646 
101 99.508 9.563 
101 100.135 7.17 
102 99.27 8.272 
102 102.178 8.663 
100 102.262 6.954 
102 100.832 6.681 
103 101.906 8.42 
101 101.143 8.482 
96 101.573 8.684 
103 102.738 7.392 
103 100.484 10.096 
102 101.224 6.681 
103 101.268 10.955 
99 101.335 8.799 
97 101.044 8.875 
98 102.424 10.453 
102 100.985 7.759 
103 102.439 7.678 
105 99.9 7.988 
105 102.369 8.818 
102 103.084 6.779 
101 100.676 8.746 
99 101.192 7.931 
100 103.1 9.07 
103 101.143 6.588 
100 102.723 6.108 
105 102.642 7.406 
100 102.33 9.166 
98 101.555 6.428 
102 100.738 6.569 
103 100.834 7.526 
100 100.673 8.186 
99 100.976 7.82 
99 101.766 6.608 
101 100.316 7.237 
99 101.678 8.16 
99 100.347 8.377 
102 101.11 7.634 
107 101.493 6.885 
104 103.298 7.32 
99 102.311 8.208 
103 100.723 6.463 
101 100.734 9.064 
102 100.767 7.389 
103 100.002 8.207 
102 103.278 10.21 
104 103.148 6.162 
101 101.3 8.421 
102 101.478 9.129 
98 99.422 7.132 
102 101.525 7.874 
100 103.969 7.997 
102 102.621 7.443 
98 101.8 7.519 
106 102.067 8.951 
98 100.871 10.189 
100 102.125 7.808 
102 103.685 7.039 
105 101.954 6.905 
101 102.761 8.674 
104 101.907 9.37 
103 101.95 9.419 
98 102.046 7.659 
96 101.411 7.805 
98 101.178 6.797 
100 102.114 9.628 
102 103.381 6.557 
103 101.584 8.062 
105 102.854 5.53 
105 102.235 8.042 
103 102.514 8.984 
102 102.582 7.251 
99 100.394 8.181 
98 101.35 8.133 
105 101.668 7.987 
104 100.557 9.439 
104 101.123 7.417 
101 101.886 8.887 
103 100.722 7.645 
103 101.574 6.821 
105 100.086 6.872 
102 102.612 7.474 
107 102.566 8.514 
101 101.258 8.736 
100 101.306 8.786 
104 102.905 6.906 
108 100.938 7.977 
107 100.814 8.946 
103 101.974 8.868 
102 100.687 8.786 
104 100.357 7.329 
103 102.346 8.129 
98 102.299 10.366 
103 101.169 5.989 
104 102.662 7.441 
104 100.786 8.556 
100 101.215 6.88 
98 101.584 9.443 
100 100.21 8.348 
104 101.157 8.417 
104 101.704 8.271 
104 102.143 9.113 
101 100.933 8.983 
98 101.99 9.217 
105 101.607 6.334 
101 100.377 7.604 
99 100.847 6.991 
102 101.359 8.279 
99 101.951 6.658 
101 100.717 6.507 
103 102.5 8.408 
100 102.638 9.133 
109 104.476 5.959 
105 102.875 8.47 
103 102.179 9.327 
100 102.452 9.584 
103 102.267 6.582 
98 101.843 9.197 
101 102.746 6.361 
100 102.24 7.706 
99 103.833 9.437 
100 100.939 9.218 
101 101.095 7.409 
106 104.442 7.798 
104 101.728 8.804 
101 102.648 7.604 
101 102.512 7.572 
99 103.383 6.85 
104 100.799 9.018 
104 100.303 7.148 
99 101.875 6.556 
102 100.985 8.728 
101 103.205 6.652 
101 101.751 9.313 
102 102.128 8.239 
101 100.533 7.498 
101 102.894 7.88 
101 101.897 8.067 
101 100.274 6.979 
102 101.431 8.523 
100 101.532 8.773 
102 100.979 8.52 
104 101.058 9.712 
101 103.578 8.318 
99 101.587 7.097 
104 101.245 7.125 
101 102.076 8.942 
100 100.87 8.192 
106 103.638 10.262 
99 101.265 8.867 
103 101.82 9.518 
100 101.022 7.984 
103 100.524 8.599 
99 102.826 8.218 
100 99.97 6.333 
100 102.205 6.956 
100 102.321 7.493 
101 102.995 8.282 
98 100.377 7.973 
102 102.85 7.221 
99 101.32 7.833 
99 102.334 6.725 
100 102.138 8.898 
100 101.355 8.379 
98 101.902 7.5 
99 102.231 8.396 
101 101.525 9.66 
101 102.629 9.541 
103 102.905 8.385 
102 101.845 8.753 
102 101.653 8.363 
100 99.787 7.918 
101 103.258 6.599 
100 102.614 7.003 
99 101.027 9.375 
100 104.23 8.877 
102 100.27 8.758 
96 100.968 8.629 
99 101.684 7.893 
100 99.664 7.265 
102 101.421 7.203 
106 102.795 8.595 
98 101.708 8.171 
101 102.542 7.613 
99 102.53 6.511 
100 101.776 7.723 
102 101.141 9.859 
104 102.45 7.026 
104 101.277 8.086 
102 102.043 7.075 
104 102.835 9.317 
101 102.361 7.378 
99 102.007 8.683 
103 101.608 9.465 
104 100.695 8.011 
104 101.406 8.732 
102 103.267 9.177 
104 102.035 8.302 
103 101.779 7.582 
98 100.32 7.568 
97 99.721 7.719 
103 100.64 7.362 
100 102.902 6.119 
100 103.034 7.495 
104 102.557 6.97 
99 102.766 6.474 
101 101.188 8.53 
102 101.608 8.831 
105 101.141 6.765 
99 101.874 8.598 
105 102.337 7.658 
101 101.121 8.09 
98 102.615 9.503 
102 101.13 8.438 
99 102.101 7.525 
103 103.639 8.162 
99 103.729 6.62 
101 102.905 7.912 
102 101.57 8.552 
100 101.446 8.106 
99 102.217 8.783 
103 100.596 6.671 
99 101.76 7.719 
99 100.203 8.396 
100 101.387 8.676 
103 103.06 9.937 
102 102.282 6.911 
102 100.021 8.388 
100 101.22 8.356 
102 101.895 7.806 
100 102.136 8.027 
99 103.26 8.61 
101 103.635 9.051 
104 102.737 7.013 
102 101.526 7.203 
99 101.17 8.859 
101 100.158 8.185 
101 101.069 7.686 
103 100.905 6.659 
104 102.607 8.479 
103 101.51 8.268 
105 101.746 8.71 
97 101.334 9.156 
97 99.368 8.958 
105 100.545 9.601 
104 103.335 7.525 
100 101.015 10.276 
102 100.999 8.529 
103 102.848 10.541 
104 99.693 6.261 
104 102.414 6.533 
107 103.141 7.738 
102 102.064 7.836 
102 100.746 8.854 
101 99.69 6.301 
103 101.837 7.424 
101 102.435 6.682 
100 100.234 8.583 
102 102.352 9.021 
97 102.591 7.35 
99 100.549 6.421 
104 102.154 7.758 
104 103.136 8.306 
102 102.625 6.454 
101 100.855 7.679 
101 102.961 6.065 
105 101.686 7.58 
98 100.803 8.363 
100 101.746 9.557 
101 104.546 8.527 
102 101.609 7.328 
102 102.973 8.174 
105 102.945 8.847 
102 103.07 8.229 
104 103.943 6.215 
103 103.589 7.995 
102 101.543 7.437 
106 101.623 8.118 
99 101.213 9.497 
102 103.055 7.017 
104 101.741 6.982 
105 102.77 7.726 
102 103.295 7.433 
103 100.371 8.954 
99 101.161 9.429 
99 101.708 9.002 
105 103.487 6.229 
102 102.435 7.737 
99 102.051 7.929 
103 102.239 5.945 
103 101.499 8.132 
101 100.125 7.718 
104 102.544 8.311 
97 101.109 8.752 
101 101.719 8.781 
101 99.714 7.496 
103 101.283 8.442 
102 101.66 8.612 
103 102.329 8.625 
100 101.604 8.872 
107 102.831 7.633 
105 101.672 8.711 
101 101.159 7.375 
101 101.2 7.512 
106 101.667 8.588 
101 104.47 10.662 
103 103.229 9.033 
98 101.175 8.389 
100 101.887 8.244 
101 103.316 7.01 
102 101.696 7.981 
102 102.03 5.454 
105 101.783 6.827 
105 100.649 9.202 
102 101.209 8.791 
105 101.672 7.656 
106 101.039 7.982 
103 103.9 7.569 
99 100.727 7.843 
107 102.229 7.931 
106 102.171 7.227 
101 102.117 10.395 
101 103.063 7.9 
102 99.153 5.929 
101 100.688 8.017 
98 98.944 6.63 
104 101.868 9.047 
98 101.26 7.503 
102 103.103 9.045 
100 100.531 9.631 
99 102.308 6.252 
102 102.561 7.668 
97 100.45 7.561 
102 100.135 9.033 
99 101.534 8.611 
102 100.826 7.912 
104 103.832 7.512 
101 100.422 8.652 
102 101.79 7.908 
104 103.203 8.01 
100 100.737 8.46 
101 101.257 10.187 
99 103.669 6.068 
104 102.238 7.71 
101 100.631 7.01 
100 102.063 10.122 
99 101.139 8.348 
99 100.902 9.787 
99 101.092 7.566 
105 101.453 7.175 
105 100.804 7.117 
106 102.735 7.941 
102 101.591 6.211 
102 104.171 7.535 
104 101.228 7.848 
102 102.946 8.085 
103 101.865 8.32 
101 101.959 9.429 
106 103.657 7.282 
101 99.032 7.464 
103 101.907 7.356 
101 101.177 7.409 
103 101.317 10.054 
108 103.664 6.247 
102 102.415 8.188 
105 103.737 5.895 
103 100.947 6.674 
102 101.573 8.156 
94 100.669 7.861 
100 100.382 8.476 
103 101.394 7.116 
104 101.814 8.77 
103 102.994 9.542 
101 100.661 8.051 
103 101.29 7.031 
101 101.003 7.306 
104 102.881 7.381 
101 102.449 6.556 
99 103.905 8.178 
105 101.412 9.149 
101 103.168 7.759 
100 101.73 8.709 
104 100.31 9.744 
104 101.709 8.61 
104 101.729 7.715 
107 100.89 9.032 
102 101.809 7.932 
105 101.251 5.794 
105 101.844 9.893 
99 101.555 8.111 
98 102.849 6.477 
99 102.859 8.3 
107 100.47 7.209 
101 101.432 8.299 
101 101.94 7.659 
100 100.551 9.051 
100 102.721 7.525 
101 102.159 6.566 
103 101.289 8.423 
101 101.212 8.412 
101 102.309 8.155 
103 103.068 9.368 
96 100.104 4.465 
100 101.595 6.829 
102 100.17 8.63 
100 101.736 7.092 
101 102.914 10.371 
102 101.541 8.921 
101 102.308 8.907 
104 102.262 8.142 
101 100.424 9.018 
103 103.574 7.274 
100 101.641 7.079 
105 99.901 8.581 
103 102.455 8.011 
103 102.55 10.411 
103 99.946 10.423 
103 101.699 8.793 
102 101.128 7.752 
100 101.545 6.55 
103 103.452 9.374 
103 102.001 8.859 
103 101.503 8.022 
99 102.417 8.166 
99 101.471 9.675 
101 102.128 7.209 
102 101.304 7.183 
99 99.838 6.898 
107 101.691 7.505 
102 102.783 9.029 
98 100.738 7.007 
99 102.313 6.899 
106 103.549 9.757 
101 101.759 8.183 
102 102.654 7.801 
104 101.534 9.491 
104 101.3 9.008 
100 101.022 9.087 
103 101.824 6.835 
105 102.699 8.145 
102 101.557 6.522 
101 102.307 6.409 
103 102.775 7.886 
102 100.938 10.277 
100 102.243 7.79 
101 101.498 7.193 
99 103.149 6.862 
103 100.702 6.831 
102 102.014 9.149 
103 103.249 7.293 
103 101.195 6.885 
97 102.051 8.088 
101 102.079 5.49 
101 103.123 7.793 
102 102.026 7.386 
102 101.611 8.984 
107 102.388 7.225 
103 102.587 7.324 
98 101.708 7.811 
102 103.507 7.097 
103 102.712 9.612 
102 103.487 6.993 
105 104.222 9.339 
100 102.547 8.915 
103 102.334 6.664 
102 103.479 6.44 
98 100.953 6.718 
102 102.172 9.725 
102 101.98 7.918 
103 100.267 8.194 
101 102.184 6.068 
102 102.834 7.213 
101 101.88 6.668 
102 99.392 9.464 
98 100.79 6.715 
102 99.815 8.627 
97 100.983 7.628 
101 100.267 7.527 
98 101.929 8.439 
